symbol,Date,Open,High,Low,Close,Volume,Dividends,Stock Splits
IGARASHI.NS,2015-01-01 00:00:00+05:30,242.17274811090908,273.0830887792989,242.17274811090908,260.76922607421875,281740,0.0,0.0
IGARASHI.NS,2015-01-02 00:00:00+05:30,261.43938092446854,263.74300193058525,255.53375941664424,256.7065124511719,56531,0.0,0.0
IGARASHI.NS,2015-01-05 00:00:00+05:30,256.706510585551,268.6434087032636,256.706510585551,261.7325744628906,79442,0.0,0.0
IGARASHI.NS,2015-01-06 00:00:00+05:30,259.84781169745327,259.84781169745327,248.5391317330985,249.87942504882812,47396,0.0,0.0
IGARASHI.NS,2015-01-07 00:00:00+05:30,250.0888626121497,254.65421988526444,245.81670080040126,252.01551818847656,30069,0.0,0.0
IGARASHI.NS,2015-01-08 00:00:00+05:30,253.06256619739483,272.16163538566013,252.97879608209772,261.6487731933594,264992,0.0,0.0
IGARASHI.NS,2015-01-09 00:00:00+05:30,264.07805700795916,267.8894824573855,254.57040718609653,260.43414306640625,61122,0.0,0.0
IGARASHI.NS,2015-01-12 00:00:00+05:30,261.7744623228561,276.0149815821185,259.68026662427326,270.1512451171875,165099,0.0,0.0
IGARASHI.NS,2015-01-13 00:00:00+05:30,270.15126153278567,293.9413180705063,268.89473829173346,286.5278625488281,670131,0.0,0.0
IGARASHI.NS,2015-01-14 00:00:00+05:30,289.83671045728227,298.92551158463385,289.3340896456425,294.4858093261719,302433,0.0,0.0
IGARASHI.NS,2015-01-15 00:00:00+05:30,296.538131907797,299.8888222155627,283.97295707041366,294.02508544921875,102102,0.0,0.0
IGARASHI.NS,2015-01-16 00:00:00+05:30,290.67432997895594,297.3757672099997,285.7739215995022,290.213623046875,66078,0.0,0.0
IGARASHI.NS,2015-01-19 00:00:00+05:30,292.93609415654737,303.9934350590181,292.8942090925028,297.962158203125,162767,0.0,0.0
IGARASHI.NS,2015-01-20 00:00:00+05:30,297.9621486185529,301.10344213758674,289.124658939212,290.9256591796875,67986,0.0,0.0
IGARASHI.NS,2015-01-21 00:00:00+05:30,293.0617453622589,299.05113707263575,286.4859627632351,289.1246643066406,57847,0.0,0.0
IGARASHI.NS,2015-01-22 00:00:00+05:30,289.66912375693255,301.56416505382373,284.8943704504575,291.55389404296875,94754,0.0,0.0
IGARASHI.NS,2015-01-23 00:00:00+05:30,304.8730152780054,305.752572877514,285.02004114712355,288.87335205078125,120612,0.0,0.0
IGARASHI.NS,2015-01-27 00:00:00+05:30,293.18738156339634,294.86272653837256,283.2608807125724,288.6639099121094,59852,0.0,0.0
IGARASHI.NS,2015-01-28 00:00:00+05:30,288.9152274733759,292.34968763040246,280.62221505794344,282.088134765625,39293,0.0,0.0
IGARASHI.NS,2015-01-29 00:00:00+05:30,281.4598621925121,288.83143131142845,278.7374196038537,282.7582702636719,49928,0.0,0.0
IGARASHI.NS,2015-01-30 00:00:00+05:30,284.39180797007856,284.76877359559836,276.47575965621746,277.5228576660156,35679,0.0,0.0
IGARASHI.NS,2015-02-02 00:00:00+05:30,277.522814452277,281.5855506503447,273.08311268738765,275.3448486328125,24831,0.0,0.0
IGARASHI.NS,2015-02-03 00:00:00+05:30,275.1772999872495,275.1772999872495,234.59178121589056,268.7271728515625,47429,0.0,0.0
IGARASHI.NS,2015-02-04 00:00:00+05:30,271.57527478060405,286.44406971092616,267.721963959403,279.7845458984375,92073,0.0,0.0
IGARASHI.NS,2015-02-05 00:00:00+05:30,282.2975641787066,286.1508750098055,277.3133853901761,280.1195983886719,48427,0.0,0.0
IGARASHI.NS,2015-02-06 00:00:00+05:30,278.1091792997382,278.1091792997382,268.85283884124254,270.6538391113281,20522,0.0,0.0
IGARASHI.NS,2015-02-09 00:00:00+05:30,263.86860511200496,268.05699566933833,254.65415163142077,256.07818603515625,29488,0.0,0.0
IGARASHI.NS,2015-02-10 00:00:00+05:30,248.79045053494337,264.7063444235745,248.79045053494337,256.58087158203125,37748,0.0,0.0
IGARASHI.NS,2015-02-11 00:00:00+05:30,256.37146543339145,269.73242879514504,256.37146543339145,265.5440368652344,61845,0.0,0.0
IGARASHI.NS,2015-02-12 00:00:00+05:30,265.5440132739053,270.5700773977238,264.70634070789447,266.7167663574219,29915,0.0,0.0
IGARASHI.NS,2015-02-13 00:00:00+05:30,265.1670680807746,272.16170205501294,265.1670680807746,270.23504638671875,39920,0.0,0.0
IGARASHI.NS,2015-02-16 00:00:00+05:30,269.3135803136538,272.24544863027535,264.0362058526337,266.1304016113281,21825,0.0,0.0
IGARASHI.NS,2015-02-18 00:00:00+05:30,266.1303987749833,270.5700719030062,266.04662864730807,268.51776123046875,35095,0.0,0.0
IGARASHI.NS,2015-02-19 00:00:00+05:30,267.2193965149463,270.57008689662223,265.79533299330586,268.224609375,22873,0.0,0.0
IGARASHI.NS,2015-02-20 00:00:00+05:30,266.3817142865149,285.43890365518604,265.54404163105,271.8266296386719,275541,0.0,0.0
IGARASHI.NS,2015-02-23 00:00:00+05:30,274.67469373657707,280.6222291733317,271.95225076554897,273.87890625,29045,0.0,0.0
IGARASHI.NS,2015-02-24 00:00:00+05:30,273.1249836527562,279.281915226532,270.9889030065278,275.7217712402344,20168,0.0,0.0
IGARASHI.NS,2015-02-25 00:00:00+05:30,284.81059825331374,300.7264903718432,281.4598795871364,293.77374267578125,553774,0.0,0.0
IGARASHI.NS,2015-02-26 00:00:00+05:30,297.5851658315521,299.88878669107214,287.65869382433016,290.7162170410156,279427,0.0,0.0
IGARASHI.NS,2015-02-27 00:00:00+05:30,290.71625105762934,305.7525872665655,285.69018687551056,296.7475280761719,143238,0.0,0.0
IGARASHI.NS,2015-03-02 00:00:00+05:30,297.37583224681384,302.10870142141886,291.7633766201633,293.60626220703125,52098,0.0,0.0
IGARASHI.NS,2015-03-03 00:00:00+05:30,301.5641892251755,310.6111045599396,298.5485507802541,303.4908447265625,147588,0.0,0.0
IGARASHI.NS,2015-03-04 00:00:00+05:30,301.7736087365438,305.5431495381824,293.18740054641955,294.6533203125,48431,0.0,0.0
IGARASHI.NS,2015-03-05 00:00:00+05:30,293.3130648531998,306.59025692629905,293.3130648531998,301.43853759765625,48692,0.0,0.0
IGARASHI.NS,2015-03-09 00:00:00+05:30,298.63228728456545,301.14533364467167,294.1088440552283,297.2920227050781,25474,0.0,0.0
IGARASHI.NS,2015-03-10 00:00:00+05:30,295.9098286144698,349.73066735760966,295.9098286144698,336.74664306640625,646591,0.0,0.0
IGARASHI.NS,2015-03-11 00:00:00+05:30,341.2701635032135,369.3323829769752,333.395971936078,348.0134582519531,838995,0.0,0.0
IGARASHI.NS,2015-03-12 00:00:00+05:30,351.86676519600843,358.40063399395035,342.3172292879362,344.9559020996094,121229,0.0,0.0
IGARASHI.NS,2015-03-13 00:00:00+05:30,348.2228312708658,356.8509240262046,332.9770999630811,336.41156005859375,95774,0.0,0.0
IGARASHI.NS,2015-03-16 00:00:00+05:30,339.7622974798048,339.7622974798048,315.51150653102724,323.5113525390625,71317,0.0,0.0
IGARASHI.NS,2015-03-17 00:00:00+05:30,328.11857175534936,347.594609468848,327.5322095855052,340.4324645996094,117116,0.0,0.0
IGARASHI.NS,2015-03-18 00:00:00+05:30,341.60518476688486,343.32244364683487,324.22337174364185,329.29132080078125,75207,0.0,0.0
IGARASHI.NS,2015-03-19 00:00:00+05:30,334.5687076376913,343.44811163013367,324.1814987549027,326.108154296875,92267,0.0,0.0
IGARASHI.NS,2015-03-20 00:00:00+05:30,330.5897602175476,332.55830093698273,314.1712733812343,318.40155029296875,48108,0.0,0.0
IGARASHI.NS,2015-03-23 00:00:00+05:30,318.3177448990034,326.6945276595035,315.9722388314028,320.2862854003906,26925,0.0,0.0
IGARASHI.NS,2015-03-24 00:00:00+05:30,322.1710480990062,325.85681863647767,316.64236356504733,319.0297546386719,23425,0.0,0.0
IGARASHI.NS,2015-03-25 00:00:00+05:30,319.9930920314109,321.58469570464007,308.2655903452448,310.234130859375,24414,0.0,0.0
IGARASHI.NS,2015-03-26 00:00:00+05:30,311.11376991341825,316.6424268241453,304.11913554280864,306.00390625,37992,0.0,0.0
IGARASHI.NS,2015-03-27 00:00:00+05:30,304.4960087219789,308.1398938191308,294.2763419536294,297.92022705078125,28822,0.0,0.0
IGARASHI.NS,2015-03-30 00:00:00+05:30,297.3757991873277,316.6423830247842,297.3757991873277,314.5481872558594,41920,0.0,0.0
IGARASHI.NS,2015-03-31 00:00:00+05:30,316.64236520737694,332.6001429633039,316.64236520737694,322.0035095214844,138482,0.0,0.0
IGARASHI.NS,2015-04-01 00:00:00+05:30,323.1762725698149,336.70477459773684,322.33860002891697,334.4011535644531,67815,0.0,0.0
IGARASHI.NS,2015-04-06 00:00:00+05:30,334.23364689550124,354.2541634006694,328.78876046867043,350.9034729003906,153065,0.0,0.0
IGARASHI.NS,2015-04-07 00:00:00+05:30,356.8509726161786,365.22775614579666,348.683614420352,352.4531555175781,131584,0.0,0.0
IGARASHI.NS,2015-04-08 00:00:00+05:30,353.5002317688347,364.3900611802657,349.9400874960871,354.12847900390625,85277,0.0,0.0
IGARASHI.NS,2015-04-09 00:00:00+05:30,357.4372923333066,368.5365464272991,350.98716518580744,355.7200622558594,127559,0.0,0.0
IGARASHI.NS,2015-04-10 00:00:00+05:30,353.16516062432333,365.14397329467926,351.9505511861465,355.6363220214844,52830,0.0,0.0
IGARASHI.NS,2015-04-13 00:00:00+05:30,359.36399188574893,368.3690514530092,356.09707157646477,363.3429870605469,88699,0.0,0.0
IGARASHI.NS,2015-04-15 00:00:00+05:30,366.0654214852524,372.93437120294914,360.78804681726115,364.4738464355469,124375,0.0,0.0
IGARASHI.NS,2015-04-16 00:00:00+05:30,366.06540728833534,433.91734415407615,365.0183094085314,412.59844970703125,2213935,0.0,0.0
IGARASHI.NS,2015-04-17 00:00:00+05:30,407.1116468810809,427.2159317686874,395.46791509730986,398.8186340332031,575969,0.0,0.0
IGARASHI.NS,2015-04-20 00:00:00+05:30,398.7348544673962,406.1901945867753,371.9710174054774,375.95001220703125,153864,0.0,0.0
IGARASHI.NS,2015-04-21 00:00:00+05:30,378.46308008260536,381.98133965858307,364.39009923420707,371.38470458984375,100576,0.0,0.0
IGARASHI.NS,2015-04-22 00:00:00+05:30,371.5103386456704,402.46254071854884,371.5103386456704,389.1434631347656,326613,0.0,0.0
IGARASHI.NS,2015-04-23 00:00:00+05:30,391.99151445265227,397.8133943145854,378.83997871042214,381.26922607421875,121439,0.0,0.0
IGARASHI.NS,2015-04-24 00:00:00+05:30,378.88188466301284,381.8137529223442,350.819667790408,355.59442138671875,87587,0.0,0.0
IGARASHI.NS,2015-04-27 00:00:00+05:30,356.85096655152466,360.1179155198848,332.5582889829334,343.28057861328125,92058,0.0,0.0
IGARASHI.NS,2015-04-28 00:00:00+05:30,335.1132069845931,351.86677308060524,326.6945388722368,348.7673645019531,79255,0.0,0.0
IGARASHI.NS,2015-04-29 00:00:00+05:30,354.9661842735371,358.9451505050939,346.84068282403547,349.3537292480469,84595,0.0,0.0
IGARASHI.NS,2015-04-30 00:00:00+05:30,343.15490917675396,349.39561139220604,332.9352407630042,343.6575012207031,52105,0.0,0.0
IGARASHI.NS,2015-05-04 00:00:00+05:30,347.5527074003573,358.5262776560728,344.32764380462083,350.77777099609375,57799,0.0,0.0
IGARASHI.NS,2015-05-05 00:00:00+05:30,348.39036842981614,366.0653756667675,348.39036842981614,359.4895935058594,99983,0.0,0.0
IGARASHI.NS,2015-05-06 00:00:00+05:30,361.45819195605503,368.4947109146192,339.301623306102,342.48480224609375,85699,0.0,0.0
IGARASHI.NS,2015-05-07 00:00:00+05:30,336.1184303752737,347.13388664061796,330.8829408055654,342.8617248535156,65170,0.0,0.0
IGARASHI.NS,2015-05-08 00:00:00+05:30,350.777792327537,358.35875920026933,349.73069443999213,352.076171875,77508,0.0,0.0
IGARASHI.NS,2015-05-11 00:00:00+05:30,355.8457672432819,356.01330751384694,349.6469495989083,350.9034729003906,22671,0.0,0.0
IGARASHI.NS,2015-05-12 00:00:00+05:30,352.704405365475,355.72004347107907,336.36966305043205,339.34344482421875,32677,0.0,0.0
IGARASHI.NS,2015-05-13 00:00:00+05:30,340.9350367740942,349.479359533446,339.6785136516451,345.08154296875,36128,0.0,0.0
IGARASHI.NS,2015-05-14 00:00:00+05:30,340.1811281628702,357.64671018908047,340.1811281628702,351.99237060546875,45346,0.0,0.0
IGARASHI.NS,2015-05-15 00:00:00+05:30,348.55793970942926,364.18063781946074,348.55793970942926,362.46337890625,68347,0.0,0.0
IGARASHI.NS,2015-05-18 00:00:00+05:30,364.18063306154306,366.60990931029653,352.6625565035269,358.8194885253906,47395,0.0,0.0
IGARASHI.NS,2015-05-19 00:00:00+05:30,356.0133186053078,414.3994959619167,351.824926621716,404.6405334472656,1169762,0.0,0.0
IGARASHI.NS,2015-05-20 00:00:00+05:30,402.92325474613955,434.5875012386919,402.92325474613955,412.0958251953125,913237,0.0,0.0
IGARASHI.NS,2015-05-21 00:00:00+05:30,412.13771171304785,437.2680606889106,404.26354948993236,428.4305419921875,342892,0.0,0.0
IGARASHI.NS,2015-05-22 00:00:00+05:30,428.8913049693171,443.9695268047307,419.0485728367895,422.3992919921875,417805,0.0,0.0
IGARASHI.NS,2015-05-25 00:00:00+05:30,422.4411532603046,432.6608216899423,406.48337465024326,412.9335021972656,207357,0.0,0.0
IGARASHI.NS,2015-05-26 00:00:00+05:30,435.5927522975385,451.4248482063895,424.53538172859635,442.7130126953125,1385573,0.0,0.0
IGARASHI.NS,2015-05-27 00:00:00+05:30,439.69732029917077,450.50335041472107,432.241980271317,438.60833740234375,286848,0.0,0.0
IGARASHI.NS,2015-05-28 00:00:00+05:30,437.9381828258366,445.35163789993953,424.7866464738036,429.142578125,124126,0.0,0.0
IGARASHI.NS,2015-05-29 00:00:00+05:30,430.1477922523892,442.2941158556799,427.2159240096383,429.5614013671875,84248,0.0,0.0
IGARASHI.NS,2015-06-01 00:00:00+05:30,432.9121208539629,438.27326531604865,420.1375212841903,424.11651611328125,70657,0.0,0.0
IGARASHI.NS,2015-06-02 00:00:00+05:30,424.535346182878,425.33113367289934,407.111647891829,409.7922058105469,64909,0.0,0.0
IGARASHI.NS,2015-06-03 00:00:00+05:30,409.20581355188597,411.6350609074197,361.16497004587325,388.8502197265625,125414,0.0,0.0
IGARASHI.NS,2015-06-04 00:00:00+05:30,390.35807075088695,393.62501947361665,372.4317522026473,378.58868408203125,70193,0.0,0.0
IGARASHI.NS,2015-06-05 00:00:00+05:30,376.78771065617536,389.2691155550737,369.8349620867827,383.1959533691406,100937,0.0,0.0
IGARASHI.NS,2015-06-08 00:00:00+05:30,386.5885044668057,397.05948300009413,376.20129606000387,379.0075378417969,70753,0.0,0.0
IGARASHI.NS,2015-06-09 00:00:00+05:30,381.0598334131439,392.87107604754107,372.7668210410134,387.0492248535156,90769,0.0,0.0
IGARASHI.NS,2015-06-10 00:00:00+05:30,389.436634175776,396.64066401232685,384.07548967997593,387.677490234375,108327,0.0,0.0
IGARASHI.NS,2015-06-11 00:00:00+05:30,382.19070455369723,391.99152176964196,372.26420342418726,374.4421691894531,51309,0.0,0.0
IGARASHI.NS,2015-06-12 00:00:00+05:30,376.78765642955017,382.73516256189134,363.5523222496356,371.25897216796875,60786,0.0,0.0
IGARASHI.NS,2015-06-15 00:00:00+05:30,371.5102910720928,376.1175041229215,368.53653793752363,370.12811279296875,44293,0.0,0.0
IGARASHI.NS,2015-06-16 00:00:00+05:30,370.2537954471135,371.0076978699589,357.0603737724299,364.1806335449219,43534,0.0,0.0
IGARASHI.NS,2015-06-17 00:00:00+05:30,365.2277019985856,384.4942840236671,359.4058222210871,374.8191223144531,148372,0.0,0.0
IGARASHI.NS,2015-06-18 00:00:00+05:30,375.23798519568794,421.3521778776898,374.73539314193584,411.6351013183594,620999,0.0,0.0
IGARASHI.NS,2015-06-19 00:00:00+05:30,413.47802838370126,418.00147191991306,403.0070490524859,405.7294921875,174097,0.0,0.0
IGARASHI.NS,2015-06-22 00:00:00+05:30,409.12205755789654,451.71798824184793,409.03828743297663,441.3307800292969,702061,0.0,0.0
IGARASHI.NS,2015-06-23 00:00:00+05:30,441.45646251508174,441.45646251508174,425.5824537774321,430.02215576171875,124521,0.0,0.0
IGARASHI.NS,2015-06-24 00:00:00+05:30,431.4043003169381,447.2363940190218,425.9593859266109,429.35198974609375,189223,0.0,0.0
IGARASHI.NS,2015-06-25 00:00:00+05:30,425.54055894011816,441.20514199279074,425.54055894011816,430.9854736328125,112577,0.0,0.0
IGARASHI.NS,2015-06-26 00:00:00+05:30,429.22633773848906,446.4824949404879,429.22633773848906,443.29931640625,295425,0.0,0.0
IGARASHI.NS,2015-06-29 00:00:00+05:30,432.4514248520837,435.592718495077,418.336531626912,426.0431823730469,145528,0.0,0.0
IGARASHI.NS,2015-06-30 00:00:00+05:30,438.9434174312291,458.2100303145233,434.7550258242307,451.718017578125,493967,0.0,0.0
IGARASHI.NS,2015-07-01 00:00:00+05:30,454.7755288898791,464.70203052011664,453.3514941676616,454.90118408203125,247928,0.0,0.0
IGARASHI.NS,2015-07-02 00:00:00+05:30,458.2100459724809,461.56076511813114,444.3045773182973,446.3987731933594,101483,0.0,0.0
IGARASHI.NS,2015-07-03 00:00:00+05:30,444.0951355125182,460.72307542415894,444.0951355125182,451.2991943359375,108929,0.0,0.0
IGARASHI.NS,2015-07-06 00:00:00+05:30,439.40411720908764,466.58677536611134,439.40411720908764,463.6549072265625,146566,0.0,0.0
IGARASHI.NS,2015-07-07 00:00:00+05:30,466.58680841062346,483.13094933124705,464.2413022417708,469.5186767578125,242573,0.0,0.0
IGARASHI.NS,2015-07-08 00:00:00+05:30,468.05275047500186,485.0157130804839,461.5607378995966,473.7070617675781,156527,0.0,0.0
IGARASHI.NS,2015-07-09 00:00:00+05:30,478.31433712262407,515.1721906548646,478.31433712262407,506.3765563964844,733801,0.0,0.0
IGARASHI.NS,2015-07-10 00:00:00+05:30,511.82139019113754,542.731762122653,502.8163889776785,534.6900024414062,459435,0.0,0.0
IGARASHI.NS,2015-07-13 00:00:00+05:30,540.0512323445541,562.9198469992853,537.8732663081269,557.516845703125,480089,0.0,0.0
IGARASHI.NS,2015-07-14 00:00:00+05:30,561.2445166372034,577.9980842980154,544.4909489763915,573.8096923828125,278979,0.0,0.0
IGARASHI.NS,2015-07-15 00:00:00+05:30,574.605437390323,593.7463960257427,559.8204108382837,563.2968139648438,444110,0.0,0.0
IGARASHI.NS,2015-07-16 00:00:00+05:30,567.1081717520972,581.7675413337159,563.0454356296644,567.4013671875,158969,0.0,0.0
IGARASHI.NS,2015-07-17 00:00:00+05:30,568.0296101724595,570.8358520054579,545.7892731950284,547.9253540039062,120862,0.0,0.0
IGARASHI.NS,2015-07-20 00:00:00+05:30,552.6582244624948,553.1189601441826,528.5749458393566,535.4020385742188,135154,0.0,0.0
IGARASHI.NS,2015-07-21 00:00:00+05:30,535.2763610854648,556.0088913425357,531.1298550340507,536.4910278320312,154808,0.0,0.0
IGARASHI.NS,2015-07-22 00:00:00+05:30,539.3810359151138,573.600214247684,536.0722307379589,567.317626953125,511138,0.0,0.0
IGARASHI.NS,2015-07-23 00:00:00+05:30,573.8097105827023,579.673447958868,555.5901649548298,558.270751953125,134818,0.0,0.0
IGARASHI.NS,2015-07-24 00:00:00+05:30,561.2445196788899,561.2445196788899,540.3025599893791,541.9779052734375,80178,0.0,0.0
IGARASHI.NS,2015-07-27 00:00:00+05:30,545.3285597795116,565.181563830954,528.784418464397,548.8887329101562,173411,0.0,0.0
IGARASHI.NS,2015-07-28 00:00:00+05:30,548.6792764505961,560.9931403403992,544.4908850273091,548.804931640625,80307,0.0,0.0
IGARASHI.NS,2015-07-29 00:00:00+05:30,549.7682570759534,565.432869330875,549.7682570759534,553.3284301757812,69115,0.0,0.0
IGARASHI.NS,2015-07-30 00:00:00+05:30,561.244436535967,569.6212191708322,553.7052976912861,557.01416015625,124363,0.0,0.0
IGARASHI.NS,2015-07-31 00:00:00+05:30,557.8937074367431,598.9399781767015,557.8937074367431,579.0869750976562,481366,0.0,0.0
IGARASHI.NS,2015-08-03 00:00:00+05:30,581.2649561859072,613.0129734456192,579.254530532666,600.3221435546875,373142,0.0,0.0
IGARASHI.NS,2015-08-04 00:00:00+05:30,603.9659925388927,615.4840973712461,594.7515661285138,607.0654296875,185033,0.0,0.0
IGARASHI.NS,2015-08-05 00:00:00+05:30,609.7879607845588,648.1117047991626,608.9921445247595,628.1749877929688,506454,0.0,0.0
IGARASHI.NS,2015-08-06 00:00:00+05:30,632.8659016162635,638.3108449701417,611.7145765209083,616.1961059570312,178403,0.0,0.0
IGARASHI.NS,2015-08-07 00:00:00+05:30,614.9814293764076,625.7456022618446,604.8874174349664,609.9134521484375,103186,0.0,0.0
IGARASHI.NS,2015-08-10 00:00:00+05:30,611.6727044126077,624.0703387606745,601.5786336990034,607.8193359375,128693,0.0,0.0
IGARASHI.NS,2015-08-11 00:00:00+05:30,611.5051093666387,618.2064892583102,599.7775796452104,603.2120971679688,73746,0.0,0.0
IGARASHI.NS,2015-08-12 00:00:00+05:30,600.5315309390691,603.7146807491397,574.4797117668174,577.78857421875,69295,0.0,0.0
IGARASHI.NS,2015-08-13 00:00:00+05:30,583.5685112212686,593.0343049645531,557.8936588929358,562.5427856445312,74750,0.0,0.0
IGARASHI.NS,2015-08-14 00:00:00+05:30,562.4590466646931,577.9980026051728,537.8732045357882,562.6265869140625,71622,0.0,0.0
IGARASHI.NS,2015-08-17 00:00:00+05:30,567.108100697359,588.8876983021997,551.4434915855978,581.3905029296875,80019,0.0,0.0
IGARASHI.NS,2015-08-18 00:00:00+05:30,585.118264956453,594.3327493469985,581.4324941824377,586.3748168945312,52261,0.0,0.0
IGARASHI.NS,2015-08-19 00:00:00+05:30,587.0868197985075,587.0868197985075,565.5585280803895,570.5007934570312,41817,0.0,0.0
IGARASHI.NS,2015-08-20 00:00:00+05:30,561.2444716898973,576.0713824787426,548.8468372102028,555.5482177734375,33324,0.0,0.0
IGARASHI.NS,2015-08-21 00:00:00+05:30,552.8676622648044,556.637203016418,540.3024881224225,553.5796508789062,31853,0.0,0.0
IGARASHI.NS,2015-08-24 00:00:00+05:30,511.7376428021986,544.4909014943854,444.8071768598626,461.2675476074219,80045,0.0,0.0
IGARASHI.NS,2015-08-25 00:00:00+05:30,465.7491454121312,495.65424913222375,436.84922581047863,463.1942138671875,76383,0.0,0.0
IGARASHI.NS,2015-08-26 00:00:00+05:30,459.88535184105166,476.97399791261074,447.32017766555293,455.69696044921875,41890,0.0,0.0
IGARASHI.NS,2015-08-27 00:00:00+05:30,475.549923888055,516.8474747304056,467.8014172226819,509.51776123046875,156546,0.0,0.0
IGARASHI.NS,2015-08-28 00:00:00+05:30,516.679955128264,533.6010612463635,490.2931118761962,507.6748962402344,130515,0.0,0.0
IGARASHI.NS,2015-08-31 00:00:00+05:30,504.2823617298284,510.98380010758734,494.23023289094516,503.9891662597656,61315,0.0,0.0
IGARASHI.NS,2015-09-01 00:00:00+05:30,500.9316920469565,500.9316920469565,479.48711133082764,488.36651611328125,33793,0.0,0.0
IGARASHI.NS,2015-09-02 00:00:00+05:30,492.34547020093737,505.95771505446623,484.17811179771775,486.18853759765625,24553,0.0,0.0
IGARASHI.NS,2015-09-03 00:00:00+05:30,502.52316411305895,505.95762414634186,487.2355192934684,495.1934509277344,48125,0.0,0.0
IGARASHI.NS,2015-09-04 00:00:00+05:30,490.0417835472028,492.47105970125756,470.77517201920347,480.4084777832031,38135,0.0,0.0
IGARASHI.NS,2015-09-07 00:00:00+05:30,489.0365600517089,520.6170363056764,478.43995492184723,496.6175842285156,123325,0.0,0.0
IGARASHI.NS,2015-09-08 00:00:00+05:30,498.4185698629615,508.4706975959876,479.5708088177234,494.18829345703125,48359,0.0,0.0
IGARASHI.NS,2015-09-09 00:00:00+05:30,500.09391490921513,511.8213876884949,492.5548334733216,494.18829345703125,49121,0.0,0.0
IGARASHI.NS,2015-09-10 00:00:00+05:30,485.51835669638643,495.9055658147067,477.4766538248494,488.11517333984375,24678,0.0,0.0
IGARASHI.NS,2015-09-11 00:00:00+05:30,494.6490181554155,505.1199962812477,490.96319018894036,495.2353515625,33025,0.0,0.0
IGARASHI.NS,2015-09-14 00:00:00+05:30,496.6594994309576,522.7112637584937,492.6804755863545,502.1462707519531,159356,0.0,0.0
IGARASHI.NS,2015-09-15 00:00:00+05:30,505.62259404366034,506.62783559092935,489.4554188024717,490.1255798339844,28864,0.0,0.0
IGARASHI.NS,2015-09-16 00:00:00+05:30,497.41341708073963,504.2823961965878,490.4607252803768,498.87939453125,52253,0.0,0.0
IGARASHI.NS,2015-09-18 00:00:00+05:30,499.256277260677,510.98380898948017,493.43442519191103,497.4971618652344,54518,0.0,0.0
IGARASHI.NS,2015-09-21 00:00:00+05:30,490.87948115731876,497.41337921566407,481.6650537331216,492.7642517089844,35768,0.0,0.0
IGARASHI.NS,2015-09-22 00:00:00+05:30,496.2825052028001,499.17245970092665,473.45574865980853,478.3980712890625,29250,0.0,0.0
IGARASHI.NS,2015-09-23 00:00:00+05:30,473.4557644598296,480.74356472746206,470.021304016382,473.41387939453125,20380,0.0,0.0
IGARASHI.NS,2015-09-24 00:00:00+05:30,476.3038818824363,483.34037161701576,469.51867380684826,471.6547546386719,19962,0.0,0.0
IGARASHI.NS,2015-09-28 00:00:00+05:30,474.6703857414508,477.4347424973033,456.53467021194024,459.8434753417969,25391,0.0,0.0
IGARASHI.NS,2015-09-29 00:00:00+05:30,457.3723575398988,464.6601577837986,439.78111854370155,448.91180419921875,51864,0.0,0.0
IGARASHI.NS,2015-09-30 00:00:00+05:30,450.6709032212809,460.7649450113515,445.8542645402016,448.7861328125,23264,0.0,0.0
IGARASHI.NS,2015-10-01 00:00:00+05:30,454.8593408052334,455.65512836755136,444.0532805649476,446.1893615722656,18226,0.0,0.0
IGARASHI.NS,2015-10-05 00:00:00+05:30,453.1839492522351,484.1780632262584,446.5243965031601,464.6182556152344,104170,0.0,0.0
IGARASHI.NS,2015-10-06 00:00:00+05:30,467.9689731423634,471.31966331108276,449.0374415414363,451.0897521972656,85527,0.0,0.0
IGARASHI.NS,2015-10-07 00:00:00+05:30,456.199580412154,475.8431291110264,449.74945308350874,471.19403076171875,71542,0.0,0.0
IGARASHI.NS,2015-10-08 00:00:00+05:30,471.15222013544985,549.5170019969049,462.4822405559055,536.6586303710938,1026716,0.0,0.0
IGARASHI.NS,2015-10-09 00:00:00+05:30,533.5173182172871,539.8417908009237,512.0308539681788,514.6695556640625,281104,0.0,0.0
IGARASHI.NS,2015-10-12 00:00:00+05:30,512.1564432007069,535.1088243443954,510.1460177521904,513.4967651367188,140842,0.0,0.0
IGARASHI.NS,2015-10-13 00:00:00+05:30,515.9679177680136,534.3550014288644,508.4707210488608,514.3763427734375,164758,0.0,0.0
IGARASHI.NS,2015-10-14 00:00:00+05:30,512.2402396382167,521.7479190382558,500.55465189127045,504.91058349609375,94444,0.0,0.0
IGARASHI.NS,2015-10-15 00:00:00+05:30,509.22470026753257,535.2345808401407,508.47076903581467,514.7533569335938,246779,0.0,0.0
IGARASHI.NS,2015-10-16 00:00:00+05:30,516.847527988356,528.9938525141943,512.9104466568365,516.0098266601562,91866,0.0,0.0
IGARASHI.NS,2015-10-19 00:00:00+05:30,516.0098392501317,543.6532368335609,516.0098392501317,537.0774536132812,285314,0.0,0.0
IGARASHI.NS,2015-10-20 00:00:00+05:30,540.9307622920813,558.647686086086,529.4127135370253,536.2398071289062,308204,0.0,0.0
IGARASHI.NS,2015-10-21 00:00:00+05:30,539.3810937994218,544.8679229145763,523.9678480875377,529.370849609375,80869,0.0,0.0
IGARASHI.NS,2015-10-23 00:00:00+05:30,529.4126481478618,539.2972355156052,523.6326819506179,525.0148315429688,55558,0.0,0.0
IGARASHI.NS,2015-10-26 00:00:00+05:30,523.7583711964769,527.7373374395578,511.19319649553506,514.8789672851562,41679,0.0,0.0
IGARASHI.NS,2015-10-27 00:00:00+05:30,511.1931899318392,539.3810337897143,511.0256496748706,524.5960083007812,110357,0.0,0.0
IGARASHI.NS,2015-10-28 00:00:00+05:30,520.3658196927495,534.4388589241622,517.6852900391133,521.1197509765625,76042,0.0,0.0
IGARASHI.NS,2015-10-29 00:00:00+05:30,521.1197261113734,528.5750386290633,517.7271504071236,519.3187255859375,28852,0.0,0.0
IGARASHI.NS,2015-10-30 00:00:00+05:30,519.3605404891389,523.9677825813534,511.1094127690209,515.08837890625,36703,0.0,0.0
IGARASHI.NS,2015-11-02 00:00:00+05:30,519.3605281284839,521.4128387437524,513.0779410946716,515.9678955078125,45677,0.0,0.0
IGARASHI.NS,2015-11-03 00:00:00+05:30,519.3605730807105,521.2453436084364,511.19321497539545,512.7847900390625,25606,0.0,0.0
IGARASHI.NS,2015-11-04 00:00:00+05:30,515.1720912486519,537.7893910806637,511.86322904571085,518.4808959960938,125054,0.0,0.0
IGARASHI.NS,2015-11-05 00:00:00+05:30,517.6852054115242,531.0880238552536,512.8685379078131,514.3763427734375,59215,0.0,0.0
IGARASHI.NS,2015-11-06 00:00:00+05:30,523.9258884224014,528.9100385455771,512.7428638953265,513.4130249023438,43445,0.0,0.0
IGARASHI.NS,2015-11-09 00:00:00+05:30,502.6070251907918,508.2194519196586,489.6229988822607,500.0520935058594,46703,0.0,0.0
IGARASHI.NS,2015-11-10 00:00:00+05:30,500.0939843325293,512.4916198335586,490.0418552040613,493.1412353515625,28288,0.0,0.0
IGARASHI.NS,2015-11-13 00:00:00+05:30,510.64864288304074,510.64864288304074,497.6227336880722,498.5860900878906,15320,0.0,0.0
IGARASHI.NS,2015-11-16 00:00:00+05:30,498.41853783576664,503.8634232500916,493.01548002579364,496.99444580078125,20347,0.0,0.0
IGARASHI.NS,2015-11-17 00:00:00+05:30,500.93160164991286,506.0414067657491,491.3401524271956,494.3139343261719,21072,0.0,0.0
IGARASHI.NS,2015-11-18 00:00:00+05:30,495.15157928895604,508.4706840911542,486.98422213182596,489.45538330078125,34498,0.0,0.0
IGARASHI.NS,2015-11-19 00:00:00+05:30,488.3665080471194,498.1254416595483,488.3665080471194,489.8324279785156,21935,0.0,0.0
IGARASHI.NS,2015-11-20 00:00:00+05:30,496.74324786380055,518.2715389996778,489.62295926748664,508.8476867675781,116147,0.0,0.0
IGARASHI.NS,2015-11-23 00:00:00+05:30,512.6590734619851,519.276740777626,507.63298101945975,510.22979736328125,52031,0.0,0.0
IGARASHI.NS,2015-11-24 00:00:00+05:30,519.360637440951,525.9783063689683,511.0257380375815,513.6224975585938,114796,0.0,0.0
IGARASHI.NS,2015-11-26 00:00:00+05:30,518.1039913179684,518.5647270207265,507.6748976876099,510.3973693847656,31577,0.0,0.0
IGARASHI.NS,2015-11-27 00:00:00+05:30,514.0831099221442,516.8474665209354,503.44459159676904,505.45501708984375,29578,0.0,0.0
IGARASHI.NS,2015-11-30 00:00:00+05:30,505.1200787220964,518.4391283004405,496.74329485425244,498.41864013671875,39462,0.0,0.0
IGARASHI.NS,2015-12-01 00:00:00+05:30,504.28235924366203,509.85290078085865,500.09396746015074,501.0991516113281,21580,0.0,0.0
IGARASHI.NS,2015-12-02 00:00:00+05:30,499.2561979250873,504.70114097320334,490.0417717333178,494.1463928222656,28463,0.0,0.0
IGARASHI.NS,2015-12-03 00:00:00+05:30,494.1882547963051,519.3186008906563,490.8793925696924,506.0413818359375,99052,0.0,0.0
IGARASHI.NS,2015-12-04 00:00:00+05:30,505.1200294880535,515.5072381735184,495.9893152780897,498.0416259765625,59024,0.0,0.0
IGARASHI.NS,2015-12-07 00:00:00+05:30,502.52320728478503,509.2665302052817,496.07307981154986,497.2876892089844,21838,0.0,0.0
IGARASHI.NS,2015-12-08 00:00:00+05:30,496.61760257006824,506.6697309698591,485.8953131251221,489.4135437011719,26877,0.0,0.0
IGARASHI.NS,2015-12-09 00:00:00+05:30,500.093963482906,500.093963482906,466.00043854872655,470.5657958984375,29507,0.0,0.0
IGARASHI.NS,2015-12-10 00:00:00+05:30,466.5867824464083,477.4766113902696,466.5867824464083,470.10504150390625,17481,0.0,0.0
IGARASHI.NS,2015-12-11 00:00:00+05:30,474.04214820801366,485.8115353736368,467.67579074542937,469.4349060058594,30223,0.0,0.0
IGARASHI.NS,2015-12-14 00:00:00+05:30,465.1627552814552,472.3249004136826,461.6864097433488,466.0841979980469,27474,0.0,0.0
IGARASHI.NS,2015-12-15 00:00:00+05:30,467.5082568612774,491.2983131771403,461.1418993118874,483.71734619140625,89791,0.0,0.0
IGARASHI.NS,2015-12-16 00:00:00+05:30,486.6910393500533,496.65945440779916,482.5026480090606,491.63336181640625,74058,0.0,0.0
IGARASHI.NS,2015-12-17 00:00:00+05:30,498.37671147390216,503.4446319464459,494.3139751007072,498.7117919921875,37917,0.0,0.0
IGARASHI.NS,2015-12-18 00:00:00+05:30,498.795551571766,502.60697747563177,490.041803038741,491.759033203125,15414,0.0,0.0
IGARASHI.NS,2015-12-21 00:00:00+05:30,485.89527549705616,515.0883593887932,485.89527549705616,509.01519775390625,123204,0.0,0.0
IGARASHI.NS,2015-12-22 00:00:00+05:30,512.6590803868083,515.1721266420165,503.02580343993134,506.12518310546875,30818,0.0,0.0
IGARASHI.NS,2015-12-23 00:00:00+05:30,510.98372219090004,514.2925270803337,504.282284835001,506.4183654785156,19854,0.0,0.0
IGARASHI.NS,2015-12-24 00:00:00+05:30,506.0833445696061,513.1617483056751,497.74844631817075,501.1410217285156,31887,0.0,0.0
IGARASHI.NS,2015-12-28 00:00:00+05:30,501.14102268418105,521.8317280777992,496.994516083404,511.44451904296875,83706,0.0,0.0
IGARASHI.NS,2015-12-29 00:00:00+05:30,515.423412373687,516.0097457559872,501.76922759790244,506.9628601074219,36249,0.0,0.0
IGARASHI.NS,2015-12-30 00:00:00+05:30,513.0779334159306,518.3971639287519,508.6801168125294,514.4600830078125,57217,0.0,0.0
IGARASHI.NS,2015-12-31 00:00:00+05:30,512.7428927725732,520.9521357488519,506.7953858668518,516.21923828125,44743,0.0,0.0
IGARASHI.NS,2016-01-01 00:00:00+05:30,519.3605583998301,555.3807376509199,511.8214190465279,539.7161254882812,245091,0.0,0.0
IGARASHI.NS,2016-01-04 00:00:00+05:30,541.810287789042,557.056048357959,528.9100332657665,541.8521728515625,126621,0.0,0.0
IGARASHI.NS,2016-01-05 00:00:00+05:30,544.4490794158842,548.6793565198421,531.9676734512869,541.6009521484375,61475,0.0,0.0
IGARASHI.NS,2016-01-06 00:00:00+05:30,541.9779073981446,587.5894831404967,535.2764687801271,558.647705078125,259776,0.0,0.0
IGARASHI.NS,2016-01-07 00:00:00+05:30,553.5377544652149,558.7313872495417,540.5537874154049,543.5693969726562,63593,0.0,0.0
IGARASHI.NS,2016-01-08 00:00:00+05:30,547.8416942931098,562.0403316648479,545.7474981261552,551.02490234375,25630,0.0,0.0
IGARASHI.NS,2016-01-11 00:00:00+05:30,539.0459696530667,552.6163861467802,536.2816702401129,543.4437866210938,24756,0.0,0.0
IGARASHI.NS,2016-01-12 00:00:00+05:30,543.7370457932831,551.1924159619745,539.1716880282414,541.2239990234375,22813,0.0,0.0
IGARASHI.NS,2016-01-13 00:00:00+05:30,545.328552333896,551.1085764132458,511.8214195039605,526.6064453125,42789,0.0,0.0
IGARASHI.NS,2016-01-14 00:00:00+05:30,515.5910027295447,531.0880167337572,511.0675307378212,521.035888671875,23967,0.0,0.0
IGARASHI.NS,2016-01-15 00:00:00+05:30,526.8576614225059,526.8576614225059,507.0047186503059,510.4391784667969,35202,0.0,0.0
IGARASHI.NS,2016-01-18 00:00:00+05:30,509.72717196535825,514.753264361909,478.5236921579034,485.6439514160156,24572,0.0,0.0
IGARASHI.NS,2016-01-19 00:00:00+05:30,491.3820443358764,496.74321734990656,464.9114321275502,485.1832275390625,35238,0.0,0.0
IGARASHI.NS,2016-01-20 00:00:00+05:30,479.1519870552447,502.6069914821814,465.12086371859897,491.54962158203125,34003,0.0,0.0
IGARASHI.NS,2016-01-21 00:00:00+05:30,493.51815968573175,507.3817139641572,488.5758369438664,491.21453857421875,14493,0.0,0.0
IGARASHI.NS,2016-01-22 00:00:00+05:30,501.76926421326715,507.4235753381674,491.717136394943,497.7484130859375,106142,0.0,0.0
IGARASHI.NS,2016-01-25 00:00:00+05:30,502.90014207695265,517.6851665381674,481.66499053731957,494.3139343261719,32250,0.0,0.0
IGARASHI.NS,2016-01-27 00:00:00+05:30,495.06783686883057,512.6591040103981,484.13617995651964,496.6175842285156,32745,0.0,0.0
IGARASHI.NS,2016-01-28 00:00:00+05:30,491.8009351907587,507.6330302456286,490.0418199019407,494.5234069824219,31647,0.0,0.0
IGARASHI.NS,2016-01-29 00:00:00+05:30,505.95768035780793,505.95768035780793,486.188504256693,488.8271484375,12622,0.0,0.0
IGARASHI.NS,2016-02-01 00:00:00+05:30,477.51846477409754,498.41856495023217,477.51846477409754,485.518310546875,11357,0.0,0.0
IGARASHI.NS,2016-02-02 00:00:00+05:30,488.1988994749076,509.3083963380298,463.1941779976424,464.99517822265625,100413,0.0,0.0
IGARASHI.NS,2016-02-03 00:00:00+05:30,464.91147048260945,467.9689940713468,444.011397418132,454.7755432128906,32930,0.0,0.0
IGARASHI.NS,2016-02-04 00:00:00+05:30,459.88536088484676,460.6392920341847,448.15788773929194,451.8436584472656,14417,0.0,0.0
IGARASHI.NS,2016-02-05 00:00:00+05:30,453.351511700898,466.4192787293175,451.5923676704874,458.0006103515625,31935,0.0,0.0
IGARASHI.NS,2016-02-08 00:00:00+05:30,458.37755429710205,463.23607804669035,439.4460226075554,440.78631591796875,17345,0.0,0.0
IGARASHI.NS,2016-02-09 00:00:00+05:30,443.96948762570275,443.96948762570275,427.2578071179586,429.0588073730469,13664,0.0,0.0
IGARASHI.NS,2016-02-10 00:00:00+05:30,431.4042895641152,432.9958644159051,411.4675464895179,417.20562744140625,20425,0.0,0.0
IGARASHI.NS,2016-02-11 00:00:00+05:30,427.174042487713,427.174042487713,342.10780531298684,371.5940856933594,104736,0.0,0.0
IGARASHI.NS,2016-02-12 00:00:00+05:30,364.43198378029854,376.95527452944424,363.30111565848966,368.7460021972656,32110,0.0,0.0
IGARASHI.NS,2016-02-15 00:00:00+05:30,371.51031584266934,397.72964746688945,371.51031584266934,393.03863525390625,35195,0.0,0.0
IGARASHI.NS,2016-02-16 00:00:00+05:30,395.8868144917239,403.5096672545459,379.8871489936653,383.1122131347656,18434,0.0,0.0
IGARASHI.NS,2016-02-17 00:00:00+05:30,392.5779441769186,392.5779441769186,364.39007087738275,377.1646423339844,25813,0.0,0.0
IGARASHI.NS,2016-02-18 00:00:00+05:30,382.56769291452457,383.99175648447914,374.5678748288447,377.876708984375,15085,0.0,0.0
IGARASHI.NS,2016-02-19 00:00:00+05:30,377.75100236880206,381.3530027793937,364.39004109015667,366.35858154296875,10109,0.0,0.0
IGARASHI.NS,2016-02-22 00:00:00+05:30,379.4682413673937,379.4682413673937,356.97659462035335,359.9503479003906,35146,0.0,0.0
IGARASHI.NS,2016-02-23 00:00:00+05:30,361.29067658195856,364.22254508638423,341.81463754188854,344.78839111328125,15261,0.0,0.0
IGARASHI.NS,2016-02-24 00:00:00+05:30,340.93506625787916,343.40622765480794,328.36989140226564,334.1080017089844,32535,0.0,0.0
IGARASHI.NS,2016-02-25 00:00:00+05:30,338.8408762489014,345.96113637674983,332.7677140436117,335.364501953125,12642,0.0,0.0
IGARASHI.NS,2016-02-26 00:00:00+05:30,336.0346235584476,338.421985857619,328.5373987166698,330.9666748046875,13253,0.0,0.0
IGARASHI.NS,2016-02-29 00:00:00+05:30,331.80433088087136,331.80433088087136,315.7627841914374,317.89886474609375,12970,0.0,0.0
IGARASHI.NS,2016-03-01 00:00:00+05:30,314.967026665617,381.4786681248243,314.1293541334782,381.2273864746094,170354,0.0,0.0
IGARASHI.NS,2016-03-02 00:00:00+05:30,388.3476606404519,439.78111226506843,388.3476606404519,421.2684020996094,393852,0.0,0.0
IGARASHI.NS,2016-03-03 00:00:00+05:30,421.9385761704145,435.5927341793782,400.15891647924207,420.72393798828125,153522,0.0,0.0
IGARASHI.NS,2016-03-04 00:00:00+05:30,410.21108644440005,426.7971133940352,408.78702288885614,415.0696105957031,53443,0.0,0.0
IGARASHI.NS,2016-03-08 00:00:00+05:30,417.16376905897755,423.3625860751904,410.9649520427647,416.4517517089844,45087,0.0,0.0
IGARASHI.NS,2016-03-09 00:00:00+05:30,413.1428747832302,420.5144440777706,407.2791388859195,416.9961853027344,31552,0.0,0.0
IGARASHI.NS,2016-03-10 00:00:00+05:30,421.310306407334,423.0275654051377,406.56716519598405,419.25799560546875,61760,0.0,0.0
IGARASHI.NS,2016-03-11 00:00:00+05:30,418.7972773935837,431.40433733270794,412.47280489134357,419.802490234375,90834,0.0,0.0
IGARASHI.NS,2016-03-14 00:00:00+05:30,420.514500525836,427.17405343861344,413.478010758965,416.0747985839844,39217,0.0,0.0
IGARASHI.NS,2016-03-15 00:00:00+05:30,418.0014451518075,425.54055553304164,410.96495553560703,414.3994445800781,26726,0.0,0.0
IGARASHI.NS,2016-03-16 00:00:00+05:30,413.85491366912663,420.0956154235517,410.54610874420086,412.8497009277344,25273,0.0,0.0
IGARASHI.NS,2016-03-17 00:00:00+05:30,417.41509277515655,423.0275478108763,411.0906203666957,418.96478271484375,32414,0.0,0.0
IGARASHI.NS,2016-03-18 00:00:00+05:30,418.96474253606897,423.44632912191304,411.63505800463986,417.20562744140625,14306,0.0,0.0
IGARASHI.NS,2016-03-21 00:00:00+05:30,417.1637580097194,431.4043057266683,413.2266770657093,422.52490234375,60768,0.0,0.0
IGARASHI.NS,2016-03-22 00:00:00+05:30,423.8651885740152,432.15820094726485,416.0328831505286,421.3521423339844,53270,0.0,0.0
IGARASHI.NS,2016-03-23 00:00:00+05:30,424.7029283863584,472.9532055108939,419.88628917865327,460.2204895019531,349545,0.0,0.0
IGARASHI.NS,2016-03-28 00:00:00+05:30,463.2779949307996,473.204497157998,446.0218358759623,454.2310791015625,104904,0.0,0.0
IGARASHI.NS,2016-03-29 00:00:00+05:30,454.2729172108338,468.2621258104708,452.094951429857,456.82781982421875,40091,0.0,0.0
IGARASHI.NS,2016-03-30 00:00:00+05:30,460.93246175773095,467.4244743306046,455.2781504673596,457.5398864746094,21675,0.0,0.0
IGARASHI.NS,2016-03-31 00:00:00+05:30,459.8853736192507,470.7752032448128,455.1943899766842,462.105224609375,59730,0.0,0.0
IGARASHI.NS,2016-04-01 00:00:00+05:30,462.3565045892378,481.6650011902037,458.5450788348538,472.6599426269531,77673,0.0,0.0
IGARASHI.NS,2016-04-04 00:00:00+05:30,476.2620199937312,495.0678690229419,473.28826645580364,489.2041320800781,72461,0.0,0.0
IGARASHI.NS,2016-04-05 00:00:00+05:30,483.6335581381765,504.28231997936757,473.2882346857389,496.9526062011719,61759,0.0,0.0
IGARASHI.NS,2016-04-06 00:00:00+05:30,490.37691063814077,522.5437222019377,490.37691063814077,518.2296752929688,108508,0.0,0.0
IGARASHI.NS,2016-04-07 00:00:00+05:30,522.4180390230778,534.3968800410084,506.79536980626295,515.5910034179688,72632,0.0,0.0
IGARASHI.NS,2016-04-08 00:00:00+05:30,518.5647269596959,524.3865784727999,512.2402546800058,515.926025390625,34238,0.0,0.0
IGARASHI.NS,2016-04-11 00:00:00+05:30,520.1982314247076,520.5333119643835,501.18292789769515,504.4917907714844,54474,0.0,0.0
IGARASHI.NS,2016-04-12 00:00:00+05:30,506.7534848532731,509.26653123652596,477.51848584504256,481.2880554199219,121019,0.0,0.0
IGARASHI.NS,2016-04-13 00:00:00+05:30,481.8744117791502,496.74323585178246,481.8744117791502,485.5602111816406,56835,0.0,0.0
IGARASHI.NS,2016-04-18 00:00:00+05:30,489.45540490950276,504.7011657551243,478.3561791454081,493.3087158203125,62902,0.0,0.0
IGARASHI.NS,2016-04-20 00:00:00+05:30,496.7432267060653,504.28230817063366,488.4083290501351,494.4396057128906,31248,0.0,0.0
IGARASHI.NS,2016-04-21 00:00:00+05:30,499.4237772152245,517.6014355635641,496.4081674823386,501.26666259765625,114429,0.0,0.0
IGARASHI.NS,2016-04-22 00:00:00+05:30,503.4446325746286,509.3084267409239,494.4396309120107,498.7955627441406,21431,0.0,0.0
IGARASHI.NS,2016-04-25 00:00:00+05:30,497.3714807269083,512.1565067289754,496.3244115400212,501.1410217285156,84742,0.0,0.0
IGARASHI.NS,2016-04-26 00:00:00+05:30,498.4185795049028,512.5753287300906,495.9055331591552,501.47607421875,49562,0.0,0.0
IGARASHI.NS,2016-04-27 00:00:00+05:30,500.3033466494724,512.533440336403,500.3033466494724,506.08331298828125,23636,0.0,0.0
IGARASHI.NS,2016-04-28 00:00:00+05:30,510.9837303563528,521.3709383145568,507.7167530199766,510.4811096191406,93955,0.0,0.0
IGARASHI.NS,2016-04-29 00:00:00+05:30,510.98386294644513,516.847600702268,498.4605710610483,512.4078979492188,34873,0.0,0.0
IGARASHI.NS,2016-05-02 00:00:00+05:30,511.8214022227349,511.8214022227349,504.53363095515346,510.14605712890625,20173,0.0,0.0
IGARASHI.NS,2016-05-03 00:00:00+05:30,514.3345037893243,517.4758264509455,510.1461118775041,514.4182739257812,17459,0.0,0.0
IGARASHI.NS,2016-05-04 00:00:00+05:30,518.5228442147919,519.3605454961818,508.9733368844784,513.7061767578125,26090,0.0,0.0
IGARASHI.NS,2016-05-05 00:00:00+05:30,514.7532753920761,555.3806936775062,513.1617004994148,545.6217041015625,434325,0.0,0.0
IGARASHI.NS,2016-05-06 00:00:00+05:30,548.6793037513444,555.3807418531495,537.9570142795579,545.8311767578125,123625,0.0,0.0
IGARASHI.NS,2016-05-09 00:00:00+05:30,545.8730334178886,566.270484664372,534.7737789348255,548.6373901367188,93199,0.0,0.0
IGARASHI.NS,2016-05-10 00:00:00+05:30,547.7997348869795,556.8885645531298,544.826010057624,548.6793212890625,29948,0.0,0.0
IGARASHI.NS,2016-05-11 00:00:00+05:30,543.6532195912139,551.6111523288447,534.5225050026849,547.5065307617188,63195,0.0,0.0
IGARASHI.NS,2016-05-12 00:00:00+05:30,545.119093560535,560.8255898385961,541.8102885279151,547.464599609375,36867,0.0,0.0
IGARASHI.NS,2016-05-13 00:00:00+05:30,551.9462681591014,552.2813487093606,542.1454493415835,542.9830932617188,19599,0.0,0.0
IGARASHI.NS,2016-05-16 00:00:00+05:30,542.8155604845723,557.8099540845743,537.286846825151,541.9359741210938,53811,0.0,0.0
IGARASHI.NS,2016-05-17 00:00:00+05:30,547.8415911910502,553.2865346737216,540.0930840682182,546.3756713867188,29106,0.0,0.0
IGARASHI.NS,2016-05-18 00:00:00+05:30,547.8834477404445,561.1606677840545,534.4806299651779,538.6271362304688,107033,0.0,0.0
IGARASHI.NS,2016-05-19 00:00:00+05:30,538.6272162416678,547.3809083033317,519.4024868498692,525.8107299804688,41334,0.0,0.0
IGARASHI.NS,2016-05-20 00:00:00+05:30,531.9256508144889,543.6531224959159,524.3865126288583,527.8629150390625,77801,0.0,0.0
IGARASHI.NS,2016-05-23 00:00:00+05:30,532.4701954158262,532.6796207468145,512.2821680636529,515.1721801757812,18100,0.0,0.0
IGARASHI.NS,2016-05-24 00:00:00+05:30,513.9993291751204,520.1981457719321,493.5599941754171,495.6123046875,51504,0.0,0.0
IGARASHI.NS,2016-05-25 00:00:00+05:30,500.6803762982439,510.98381585762047,496.95266266234364,500.97357177734375,29200,0.0,0.0
IGARASHI.NS,2016-05-26 00:00:00+05:30,502.69070120013873,512.2820926702731,486.69101045590264,505.2455749511719,31549,0.0,0.0
IGARASHI.NS,2016-05-27 00:00:00+05:30,505.95775945374737,527.7374220772367,505.1201154793156,524.009765625,34760,0.0,0.0
IGARASHI.NS,2016-05-30 00:00:00+05:30,527.7372851646433,536.9517112259631,518.0620659808804,522.1666870117188,45941,0.0,0.0
IGARASHI.NS,2016-05-31 00:00:00+05:30,525.8944179846748,527.7373032601291,513.6642671385631,517.0150146484375,17558,0.0,0.0
IGARASHI.NS,2016-06-01 00:00:00+05:30,518.1039918486812,531.7581779568271,513.9574854306227,523.5908203125,36163,0.0,0.0
IGARASHI.NS,2016-06-02 00:00:00+05:30,517.6851629438681,533.4334862508454,517.6851629438681,530.836669921875,19598,0.0,0.0
IGARASHI.NS,2016-06-03 00:00:00+05:30,531.9257304603809,545.3285490380467,528.7844080488061,536.3235473632812,34418,0.0,0.0
IGARASHI.NS,2016-06-06 00:00:00+05:30,537.7894436568124,542.8155363132939,532.0094773207121,537.74755859375,29371,0.0,0.0
IGARASHI.NS,2016-06-07 00:00:00+05:30,536.1560644417086,550.3547007708098,532.1770977622309,535.8209838867188,60944,0.0,0.0
IGARASHI.NS,2016-06-08 00:00:00+05:30,535.276453135235,544.49093814763,534.5225219215082,542.1873168945312,20598,0.0,0.0
IGARASHI.NS,2016-06-09 00:00:00+05:30,547.0039557107877,547.0039557107877,536.1560110998148,539.8836669921875,11352,0.0,0.0
IGARASHI.NS,2016-06-10 00:00:00+05:30,539.7161604382213,548.5117948588914,536.57489526256,540.8051147460938,18902,0.0,0.0
IGARASHI.NS,2016-06-13 00:00:00+05:30,541.1401149558337,541.1401149558337,534.5643326504244,537.2868041992188,9985,0.0,0.0
IGARASHI.NS,2016-06-14 00:00:00+05:30,535.0669266301476,555.2131231548784,534.438708193,553.2026977539062,44541,0.0,0.0
IGARASHI.NS,2016-06-15 00:00:00+05:30,553.7053645583376,555.3807672520401,542.0197755028269,545.0772705078125,16474,0.0,0.0
IGARASHI.NS,2016-06-16 00:00:00+05:30,541.1401354676126,547.8415732118519,538.8365144475458,540.9725952148438,7210,0.0,0.0
IGARASHI.NS,2016-06-17 00:00:00+05:30,547.2132927272977,556.846627359622,543.0667864166552,545.4122924804688,15858,0.0,0.0
IGARASHI.NS,2016-06-20 00:00:00+05:30,540.3863263800638,552.6164215610695,540.3863263800638,544.0302124023438,16459,0.0,0.0
IGARASHI.NS,2016-06-21 00:00:00+05:30,551.1924096044407,592.2386290349303,539.5486474388126,564.5533447265625,272897,0.0,0.0
IGARASHI.NS,2016-06-22 00:00:00+05:30,567.1081607931006,588.0501169335807,557.0560333367707,560.4486083984375,158665,0.0,0.0
IGARASHI.NS,2016-06-23 00:00:00+05:30,560.4486644672696,576.9928057278203,557.0560890662002,559.7785034179688,33910,0.0,0.0
IGARASHI.NS,2016-06-24 00:00:00+05:30,537.7894513211783,548.6792805950826,509.392182537214,539.25537109375,88009,0.0,0.0
IGARASHI.NS,2016-06-27 00:00:00+05:30,550.4384340837711,552.8677104894092,540.3863053841566,543.234375,17461,0.0,0.0
IGARASHI.NS,2016-06-28 00:00:00+05:30,550.4383932613321,560.825601723167,536.95174755858,538.9202880859375,63321,0.0,0.0
IGARASHI.NS,2016-06-29 00:00:00+05:30,547.8415104803025,559.0664188529632,540.3861999077917,553.7471313476562,50023,0.0,0.0
IGARASHI.NS,2016-06-30 00:00:00+05:30,554.9619414875071,565.2234961694606,539.548638202209,557.6005859375,22519,0.0,0.0
IGARASHI.NS,2016-07-01 00:00:00+05:30,557.0979224775394,577.7466833394841,557.0979224775394,563.5061645507812,54624,0.0,0.0
IGARASHI.NS,2016-07-04 00:00:00+05:30,568.5322813627282,574.6473288836427,565.6842116686379,572.804443359375,23149,0.0,0.0
IGARASHI.NS,2016-07-05 00:00:00+05:30,576.3226714406699,577.7467061390859,569.6212336710854,572.971923828125,20949,0.0,0.0
IGARASHI.NS,2016-07-07 00:00:00+05:30,572.9719389397509,590.3956661091046,567.108202282528,575.4849853515625,69504,0.0,0.0
IGARASHI.NS,2016-07-08 00:00:00+05:30,577.9142906590318,603.1284112613736,577.9142906590318,583.4010620117188,74267,0.0,0.0
IGARASHI.NS,2016-07-11 00:00:00+05:30,583.4010438309903,598.772460590514,582.1864343941431,591.107666015625,108159,0.0,0.0
IGARASHI.NS,2016-07-12 00:00:00+05:30,578.5424875166358,588.9296963563551,567.1082095077005,573.935302734375,353700,0.0,0.0
IGARASHI.NS,2016-07-13 00:00:00+05:30,561.1606628020825,570.7939397880159,558.4800762886258,567.0662841796875,432310,0.0,0.0
IGARASHI.NS,2016-07-14 00:00:00+05:30,555.8413484072902,566.1866709555652,554.5429690020655,562.5427856445312,239289,0.0,0.0
IGARASHI.NS,2016-07-15 00:00:00+05:30,561.412069781237,565.3491513771282,556.2184361086698,557.6005859375,88758,0.0,0.0
IGARASHI.NS,2016-07-18 00:00:00+05:30,558.7314227393672,564.8045847571912,549.5169383230786,557.2655029296875,94172,0.0,0.0
IGARASHI.NS,2016-07-19 00:00:00+05:30,559.5691353035702,560.239238897073,552.9514673111103,556.7210083007812,41430,0.0,0.0
IGARASHI.NS,2016-07-20 00:00:00+05:30,559.7784783110541,564.5951457258532,554.7524430332473,557.9774780273438,78677,0.0,0.0
IGARASHI.NS,2016-07-21 00:00:00+05:30,561.9982815350318,562.877867798138,555.9670052402341,557.7680053710938,54344,0.0,0.0
IGARASHI.NS,2016-07-22 00:00:00+05:30,559.5273028121776,565.3491551059683,555.6320488043038,558.1032104492188,32862,0.0,0.0
IGARASHI.NS,2016-07-25 00:00:00+05:30,559.5271941510334,565.0139648232935,555.7994811450831,557.8936767578125,31614,0.0,0.0
IGARASHI.NS,2016-07-26 00:00:00+05:30,557.1398031087516,562.7522289651056,556.2183317587295,557.8936767578125,59357,0.0,0.0
IGARASHI.NS,2016-07-27 00:00:00+05:30,554.5430671607842,565.2234720797666,554.5430671607842,563.6318969726562,33915,0.0,0.0
IGARASHI.NS,2016-07-28 00:00:00+05:30,564.5951293344698,564.9302098343633,556.4277719715817,557.851806640625,21758,0.0,0.0
IGARASHI.NS,2016-07-29 00:00:00+05:30,557.8937503179794,573.7259034128177,557.8937503179794,565.1815795898438,31581,0.0,0.0
IGARASHI.NS,2016-08-01 00:00:00+05:30,570.4588554984548,584.615661632365,561.6632798113104,566.5636596679688,98425,0.0,0.0
IGARASHI.NS,2016-08-02 00:00:00+05:30,569.3699523053386,577.1603446635224,558.3963524258004,561.663330078125,45724,0.0,0.0
IGARASHI.NS,2016-08-03 00:00:00+05:30,561.2863843470509,572.1343294139339,556.6372568247424,557.1817626953125,69559,0.0,0.0
IGARASHI.NS,2016-08-04 00:00:00+05:30,562.3334172809102,573.3070168406178,550.4384037628952,558.9827270507812,176626,0.0,0.0
IGARASHI.NS,2016-08-05 00:00:00+05:30,563.71557153724,571.7153882394799,558.9826746302338,565.600341796875,35894,0.0,0.0
IGARASHI.NS,2016-08-08 00:00:00+05:30,568.32279280884,575.4849662261528,563.7574933014529,571.9667358398438,101270,0.0,0.0
IGARASHI.NS,2016-08-09 00:00:00+05:30,570.9196164903736,609.8297489141562,570.9196164903736,594.5840454101562,263757,0.0,0.0
IGARASHI.NS,2016-08-10 00:00:00+05:30,594.7516007937735,603.0027287095679,574.7310569863357,578.8775634765625,74566,0.0,0.0
IGARASHI.NS,2016-08-11 00:00:00+05:30,577.9560898321266,593.8300680547468,576.3226299345973,579.0450439453125,58467,0.0,0.0
IGARASHI.NS,2016-08-12 00:00:00+05:30,578.2493550374523,590.3119091363764,577.9980446451196,580.720458984375,25085,0.0,0.0
IGARASHI.NS,2016-08-16 00:00:00+05:30,585.7884030689357,598.9399681065081,574.4797233462614,592.90869140625,49265,0.0,0.0
IGARASHI.NS,2016-08-17 00:00:00+05:30,597.0971403771094,597.934784261663,584.8251030227249,586.793701171875,36615,0.0,0.0
IGARASHI.NS,2016-08-18 00:00:00+05:30,592.7411564760029,596.7201225822675,582.1864077919148,583.5266723632812,27207,0.0,0.0
IGARASHI.NS,2016-08-19 00:00:00+05:30,585.4114174763683,595.5892001508589,574.0609105345159,581.7256469726562,59048,0.0,0.0
IGARASHI.NS,2016-08-22 00:00:00+05:30,578.8357219474909,588.8878509441594,578.8357219474909,583.6942749023438,28080,0.0,0.0
IGARASHI.NS,2016-08-23 00:00:00+05:30,583.8616997350692,586.3747458512461,578.8356075027157,579.5895385742188,23098,0.0,0.0
IGARASHI.NS,2016-08-24 00:00:00+05:30,590.5631790331508,590.5631790331508,579.3801546187156,581.5162353515625,17177,0.0,0.0
IGARASHI.NS,2016-08-25 00:00:00+05:30,579.6734184013368,585.872236018151,579.3802229291514,583.0241088867188,16747,0.0,0.0
IGARASHI.NS,2016-08-26 00:00:00+05:30,581.2648873048968,586.3747496897563,577.9979675513313,580.0921630859375,32126,0.0,0.0
IGARASHI.NS,2016-08-29 00:00:00+05:30,574.6472571848326,585.5370861563354,573.8514984529081,578.9613037109375,29320,0.0,0.0
IGARASHI.NS,2016-08-30 00:00:00+05:30,579.6314339457886,584.9925492942436,577.2021579054492,581.4324340820312,34641,0.0,0.0
IGARASHI.NS,2016-08-31 00:00:00+05:30,579.7990495290139,603.0865140564474,575.066152014137,597.5578002929688,69046,0.0,0.0
IGARASHI.NS,2016-09-01 00:00:00+05:30,602.2487962763747,627.7979961984302,598.311715117741,613.0967407226562,164165,0.0,0.0
IGARASHI.NS,2016-09-02 00:00:00+05:30,613.2223870136371,618.4997327064107,606.9816848497229,611.42138671875,27515,0.0,0.0
IGARASHI.NS,2016-09-06 00:00:00+05:30,612.3427327218689,615.6934800115582,604.8874219858222,608.0286865234375,16179,0.0,0.0
IGARASHI.NS,2016-09-07 00:00:00+05:30,608.1963154430737,621.5573065797105,608.1963154430737,612.7197875976562,34211,0.0,0.0
IGARASHI.NS,2016-09-08 00:00:00+05:30,608.99214512956,616.5731123162972,599.4844648908689,609.452880859375,31933,0.0,0.0
IGARASHI.NS,2016-09-09 00:00:00+05:30,615.5679039705916,619.8819507236338,603.2121546172591,605.2644653320312,11543,0.0,0.0
IGARASHI.NS,2016-09-12 00:00:00+05:30,599.1494854566561,601.2436814710255,587.2544130252883,590.2700805664062,18024,0.0,0.0
IGARASHI.NS,2016-09-14 00:00:00+05:30,589.7254999986417,602.2906744939721,587.2543386725688,590.4794311523438,18430,0.0,0.0
IGARASHI.NS,2016-09-15 00:00:00+05:30,590.4794858575019,628.0493576318823,590.4794858575019,611.0863647460938,54832,0.0,0.0
IGARASHI.NS,2016-09-16 00:00:00+05:30,615.6935441315029,626.4996032826101,599.0237484321491,605.8088989257812,38484,0.0,0.0
IGARASHI.NS,2016-09-19 00:00:00+05:30,604.301177520563,636.4261639634193,604.301177520563,628.3844604492188,108809,0.0,0.0
IGARASHI.NS,2016-09-20 00:00:00+05:30,629.0963938620633,635.7978320198533,614.0182298264215,616.4474487304688,30132,0.0,0.0
IGARASHI.NS,2016-09-21 00:00:00+05:30,615.6935661604233,632.0282819348024,611.4632894887143,614.7720947265625,29643,0.0,0.0
IGARASHI.NS,2016-09-22 00:00:00+05:30,614.10193231555,624.0703479830762,610.876897215238,612.0496215820312,19944,0.0,0.0
IGARASHI.NS,2016-09-23 00:00:00+05:30,612.3428247289288,627.4210461593468,612.3428247289288,616.1123657226562,27184,0.0,0.0
IGARASHI.NS,2016-09-26 00:00:00+05:30,622.6881640246353,644.8029046565111,617.3689329276311,626.7927856445312,114478,0.0,0.0
IGARASHI.NS,2016-09-27 00:00:00+05:30,632.3633909845142,657.1586612209198,627.1697575794645,640.90771484375,252747,0.0,0.0
IGARASHI.NS,2016-09-28 00:00:00+05:30,644.132695240524,662.352180762618,644.132695240524,655.3576049804688,182146,0.0,0.0
IGARASHI.NS,2016-09-29 00:00:00+05:30,660.6768384758132,671.8179781359386,577.9980210008198,618.9185791015625,166039,0.0,0.0
IGARASHI.NS,2016-09-30 00:00:00+05:30,617.3689488479288,642.2898746764431,615.6936035945561,637.6407470703125,43583,0.0,0.0
IGARASHI.NS,2016-10-03 00:00:00+05:30,641.4521260038085,668.0484525792675,638.3108610673962,658.7083129882812,77509,0.0,0.0
IGARASHI.NS,2016-10-04 00:00:00+05:30,653.4308942298253,681.6187352020166,649.2006180854488,672.02734375,158324,0.0,0.0
IGARASHI.NS,2016-10-05 00:00:00+05:30,673.4933070511452,677.5979282817351,657.5774428808176,661.179443359375,36318,0.0,0.0
IGARASHI.NS,2016-10-06 00:00:00+05:30,661.7658827622836,673.493356436627,652.1325474639578,659.0015258789062,22098,0.0,0.0
IGARASHI.NS,2016-10-07 00:00:00+05:30,661.7658609921772,665.954252517444,649.7032497332233,652.59326171875,20104,0.0,0.0
IGARASHI.NS,2016-10-10 00:00:00+05:30,659.2108094413027,659.2526944980358,648.5722923085707,650.5408325195312,25474,0.0,0.0
IGARASHI.NS,2016-10-13 00:00:00+05:30,647.525311706024,654.5618304552487,637.4731831039238,638.5621948242188,21812,0.0,0.0
IGARASHI.NS,2016-10-14 00:00:00+05:30,639.1485420270164,644.9704514380425,636.6355529141322,640.90771484375,17701,0.0,0.0
IGARASHI.NS,2016-10-17 00:00:00+05:30,641.2008937632775,650.6666313981161,629.305822301367,632.6146850585938,20923,0.0,0.0
IGARASHI.NS,2016-10-18 00:00:00+05:30,634.9600432348658,643.1693426297481,632.5308246654575,635.755859375,11961,0.0,0.0
IGARASHI.NS,2016-10-19 00:00:00+05:30,642.1222833950225,699.3776151239351,638.6040528968787,690.0374755859375,187103,0.0,0.0
IGARASHI.NS,2016-10-20 00:00:00+05:30,692.760013729685,694.4353590105796,668.4673060624202,679.9854125976562,61748,0.0,0.0
IGARASHI.NS,2016-10-21 00:00:00+05:30,679.3571019105431,703.3984979407492,677.3047911186662,687.0637817382812,108013,0.0,0.0
IGARASHI.NS,2016-10-24 00:00:00+05:30,689.4092720428979,691.922318715072,673.9960263705202,678.2681884765625,22611,0.0,0.0
IGARASHI.NS,2016-10-25 00:00:00+05:30,680.1529478291462,694.3515837263506,674.7498889553129,678.8126831054688,68615,0.0,0.0
IGARASHI.NS,2016-10-26 00:00:00+05:30,682.7078020256147,692.7599299508416,675.1686629900654,679.1895141601562,49754,0.0,0.0
IGARASHI.NS,2016-10-27 00:00:00+05:30,678.5194331444114,686.0585149749243,668.5929026239271,682.7078247070312,41153,0.0,0.0
IGARASHI.NS,2016-10-28 00:00:00+05:30,679.1057023987535,690.2468412879028,674.330977836691,676.76025390625,26843,0.0,0.0
IGARASHI.NS,2016-11-01 00:00:00+05:30,683.5454654166866,684.3831667075781,671.1897161090789,674.2053833007812,12131,0.0,0.0
IGARASHI.NS,2016-11-02 00:00:00+05:30,668.5929148760857,668.5929148760857,650.0383479574331,658.4989013671875,40181,0.0,0.0
IGARASHI.NS,2016-11-03 00:00:00+05:30,659.2946872862058,667.7971253703777,641.0333166660481,642.4154663085938,25928,0.0,0.0
IGARASHI.NS,2016-11-04 00:00:00+05:30,645.5567164249735,653.3890507685674,637.5987843490213,645.0122680664062,20771,0.0,0.0
IGARASHI.NS,2016-11-07 00:00:00+05:30,656.6978668166695,661.8496146944194,643.3368763495827,652.4675903320312,18917,0.0,0.0
IGARASHI.NS,2016-11-08 00:00:00+05:30,657.745073753393,668.2160535858711,651.0017501010642,655.9859008789062,23056,0.0,0.0
IGARASHI.NS,2016-11-09 00:00:00+05:30,629.1382388644413,645.0122755944988,592.8249233473842,633.410400390625,37539,0.0,0.0
IGARASHI.NS,2016-11-10 00:00:00+05:30,646.520080909991,658.0381285410309,632.4471018827894,638.520263671875,16247,0.0,0.0
IGARASHI.NS,2016-11-11 00:00:00+05:30,639.9862203728763,650.1640040264406,620.6358371836822,626.6671142578125,26038,0.0,0.0
IGARASHI.NS,2016-11-15 00:00:00+05:30,629.6828679010367,635.5047204459945,584.6995653399628,611.9659423828125,37135,0.0,0.0
IGARASHI.NS,2016-11-16 00:00:00+05:30,613.306136925137,634.5412890991565,601.9136871803606,629.34765625,19130,0.0,0.0
IGARASHI.NS,2016-11-17 00:00:00+05:30,638.3108962311271,639.8605862523875,595.5892770627896,605.5158081054688,9593,0.0,0.0
IGARASHI.NS,2016-11-18 00:00:00+05:30,618.2065671310426,618.2065671310426,599.8614253285078,603.1702880859375,20433,0.0,0.0
IGARASHI.NS,2016-11-21 00:00:00+05:30,599.8195651030217,611.4214415842271,547.8416324488418,564.6370849609375,53843,0.0,0.0
IGARASHI.NS,2016-11-22 00:00:00+05:30,569.6212194733146,587.2124285425705,556.4696546420514,568.0714721679688,15541,0.0,0.0
IGARASHI.NS,2016-11-23 00:00:00+05:30,586.2072608793156,605.1387924712657,569.7468905769896,602.4163208007812,14586,0.0,0.0
IGARASHI.NS,2016-11-24 00:00:00+05:30,603.1283829310063,603.1283829310063,578.333114158946,583.8198852539062,19288,0.0,0.0
IGARASHI.NS,2016-11-25 00:00:00+05:30,597.6834400762764,607.3167751204568,577.1184478952232,591.9872436523438,16363,0.0,0.0
IGARASHI.NS,2016-11-28 00:00:00+05:30,602.9607983136484,609.7460059117656,587.2124173743952,605.2225341796875,15993,0.0,0.0
IGARASHI.NS,2016-11-29 00:00:00+05:30,611.5052029326375,618.8348598564721,597.5997053820946,603.7985229492188,7023,0.0,0.0
IGARASHI.NS,2016-11-30 00:00:00+05:30,598.9400300761858,616.1961607031018,597.2646848398022,612.3009643554688,5358,0.0,0.0
IGARASHI.NS,2016-12-01 00:00:00+05:30,607.358579007456,619.6724416314743,603.1283029556707,607.0234985351562,6004,0.0,0.0
IGARASHI.NS,2016-12-02 00:00:00+05:30,599.2751054852448,614.018246859151,595.6730471840133,602.9608764648438,6320,0.0,0.0
IGARASHI.NS,2016-12-05 00:00:00+05:30,599.7775821515864,612.3427556842307,594.9190874553719,603.5471801757812,5894,0.0,0.0
IGARASHI.NS,2016-12-06 00:00:00+05:30,598.9399825519479,615.651663433483,598.9399825519479,611.9239501953125,9531,0.0,0.0
IGARASHI.NS,2016-12-07 00:00:00+05:30,619.7562646395819,619.7562646395819,600.1964574993453,602.7932739257812,1860,0.0,0.0
IGARASHI.NS,2016-12-08 00:00:00+05:30,603.1284366833623,612.3009793688376,594.8354229771866,601.0342407226562,6217,0.0,0.0
IGARASHI.NS,2016-12-09 00:00:00+05:30,608.950173020896,614.0181504134345,601.0341264348906,602.5419311523438,2885,0.0,0.0
IGARASHI.NS,2016-12-12 00:00:00+05:30,596.008119247002,628.0912182334376,595.5892685835677,606.89794921875,9211,0.0,0.0
IGARASHI.NS,2016-12-13 00:00:00+05:30,613.180582124849,622.3950101239117,597.8091638292466,606.7723388671875,5514,0.0,0.0
IGARASHI.NS,2016-12-14 00:00:00+05:30,603.1284523188666,618.8767787729905,580.5111468480119,584.6576538085938,10535,0.0,0.0
IGARASHI.NS,2016-12-15 00:00:00+05:30,586.3748667865077,598.9400425033614,578.8776119512547,587.4219360351562,12764,0.0,0.0
IGARASHI.NS,2016-12-16 00:00:00+05:30,594.7516479141053,608.9921688378478,587.212508044704,602.9190063476562,8031,0.0,0.0
IGARASHI.NS,2016-12-19 00:00:00+05:30,608.9502099607383,623.9027752277389,602.9189332695582,616.9081420898438,16254,0.0,0.0
IGARASHI.NS,2016-12-20 00:00:00+05:30,626.5833459631285,626.5833459631285,614.0600560570025,615.77734375,8219,0.0,0.0
IGARASHI.NS,2016-12-21 00:00:00+05:30,615.7353938771433,626.3739121633271,611.6307727832576,615.274658203125,24573,0.0,0.0
IGARASHI.NS,2016-12-22 00:00:00+05:30,607.6099431997833,623.2326119610303,600.740965275502,608.5732421875,37588,0.0,0.0
IGARASHI.NS,2016-12-23 00:00:00+05:30,618.2065598454766,618.9604910243497,583.5267023609556,585.9978637695312,19864,0.0,0.0
IGARASHI.NS,2016-12-26 00:00:00+05:30,590.4794008580986,590.5212859200443,559.6946847050788,569.4536743164062,21666,0.0,0.0
IGARASHI.NS,2016-12-27 00:00:00+05:30,568.7836232027389,588.8878822653618,568.7836232027389,586.8355712890625,8876,0.0,0.0
IGARASHI.NS,2016-12-28 00:00:00+05:30,586.8354659826239,598.1022605232052,586.8354659826239,592.0709838867188,3527,0.0,0.0
IGARASHI.NS,2016-12-29 00:00:00+05:30,588.34331680052,598.2697891475409,588.0501213685717,590.060546875,2654,0.0,0.0
IGARASHI.NS,2016-12-30 00:00:00+05:30,599.7775701731706,603.1283175215909,589.1390521982247,591.4845581054688,6449,0.0,0.0
IGARASHI.NS,2017-01-02 00:00:00+05:30,584.7412781465616,603.0864761324426,584.7412781465616,596.1337280273438,3216,0.0,0.0
IGARASHI.NS,2017-01-03 00:00:00+05:30,602.5838429412119,611.5051313715705,601.4530037168372,607.0654296875,8630,0.0,0.0
IGARASHI.NS,2017-01-04 00:00:00+05:30,614.4788398487873,619.7981277006713,607.3167242184029,609.4946899414062,6936,0.0,0.0
IGARASHI.NS,2017-01-05 00:00:00+05:30,611.4632735673588,619.6725163059705,611.4632735673588,617.2013549804688,5527,0.0,0.0
IGARASHI.NS,2017-01-06 00:00:00+05:30,617.2013542468502,622.2693320840845,608.1544102372942,609.0339965820312,4291,0.0,0.0
IGARASHI.NS,2017-01-09 00:00:00+05:30,611.840266850841,614.8558766904995,599.02378139352,600.6153564453125,2139,0.0,0.0
IGARASHI.NS,2017-01-10 00:00:00+05:30,604.0079307841452,613.0967602636482,597.809113396627,605.5576782226562,3029,0.0,0.0
IGARASHI.NS,2017-01-11 00:00:00+05:30,605.5995757419797,609.787967507662,597.2646772773824,602.6257934570312,8434,0.0,0.0
IGARASHI.NS,2017-01-12 00:00:00+05:30,610.4580470082267,610.4580470082267,596.3431822538267,600.9923095703125,4923,0.0,0.0
IGARASHI.NS,2017-01-13 00:00:00+05:30,601.494845416084,606.4371679625616,598.1022702079711,599.3587646484375,1510,0.0,0.0
IGARASHI.NS,2017-01-16 00:00:00+05:30,595.6729856482646,606.3115042741755,593.9557555366794,602.7932739257812,2448,0.0,0.0
IGARASHI.NS,2017-01-17 00:00:00+05:30,607.0655614065823,613.9345407341851,603.9661235854693,611.9659423828125,5498,0.0,0.0
IGARASHI.NS,2017-01-18 00:00:00+05:30,613.850643918709,613.850643918709,604.4267346416657,608.4057006835938,8840,0.0,0.0
IGARASHI.NS,2017-01-19 00:00:00+05:30,607.3167310615557,613.8087432425916,603.1702248744524,605.3900756835938,8720,0.0,0.0
IGARASHI.NS,2017-01-20 00:00:00+05:30,607.316778404144,610.7931238766884,602.2906855316999,603.0446166992188,1568,0.0,0.0
IGARASHI.NS,2017-01-23 00:00:00+05:30,606.1440050139131,608.8245917468462,593.9139106371988,596.5526123046875,3002,0.0,0.0
IGARASHI.NS,2017-01-24 00:00:00+05:30,596.845797642812,602.2906836917366,593.0762567277484,594.709716796875,3621,0.0,0.0
IGARASHI.NS,2017-01-25 00:00:00+05:30,598.9400386673428,601.2017748783318,594.7516467885503,597.6416015625,4618,0.0,0.0
IGARASHI.NS,2017-01-27 00:00:00+05:30,608.1543950596904,623.232615547477,603.9660036717221,606.5209350585938,19838,0.0,0.0
IGARASHI.NS,2017-01-30 00:00:00+05:30,599.8613624637875,618.6253529597451,599.8613624637875,605.3900756835938,7985,0.0,0.0
IGARASHI.NS,2017-01-31 00:00:00+05:30,614.8558896668544,618.1228674268601,576.3227198052059,610.960693359375,35464,0.0,0.0
IGARASHI.NS,2017-02-01 00:00:00+05:30,616.447392287832,648.9493385222193,589.0553086993536,622.5624389648438,56565,0.0,0.0
IGARASHI.NS,2017-02-02 00:00:00+05:30,620.7195767228919,653.1377540360727,604.1754362860878,642.2479248046875,38563,0.0,0.0
IGARASHI.NS,2017-02-03 00:00:00+05:30,651.7137174134796,651.7137174134796,637.3894266657933,640.90771484375,8673,0.0,0.0
IGARASHI.NS,2017-02-06 00:00:00+05:30,646.6876967164837,669.2212313090056,643.3369487291477,651.588134765625,34053,0.0,0.0
IGARASHI.NS,2017-02-07 00:00:00+05:30,651.6299645365281,661.5145524765669,616.6987400472822,644.760986328125,32386,0.0,0.0
IGARASHI.NS,2017-02-08 00:00:00+05:30,644.760937362866,660.8862263194819,624.2797169420184,641.8290405273438,32626,0.0,0.0
IGARASHI.NS,2017-02-09 00:00:00+05:30,651.7136880328486,661.6821037229,629.9340861514893,636.0491333007812,35669,0.0,0.0
IGARASHI.NS,2017-02-10 00:00:00+05:30,642.4574011508304,648.1954829390013,635.0439166897539,640.4050903320312,10210,0.0,0.0
IGARASHI.NS,2017-02-13 00:00:00+05:30,645.4730123121926,649.9127144930465,638.5622060949953,643.1275634765625,7811,0.0,0.0
IGARASHI.NS,2017-02-14 00:00:00+05:30,649.1168938129317,649.1168938129317,638.3108348590058,640.5725708007812,7051,0.0,0.0
IGARASHI.NS,2017-02-15 00:00:00+05:30,637.5987349736824,644.8865629388388,628.2586540100365,631.5255737304688,4623,0.0,0.0
IGARASHI.NS,2017-02-16 00:00:00+05:30,630.1435386402277,640.8239434431648,628.2587680815342,633.0753784179688,7440,0.0,0.0
IGARASHI.NS,2017-02-17 00:00:00+05:30,647.818510937841,647.818510937841,624.9498966892098,639.0648193359375,13648,0.0,0.0
IGARASHI.NS,2017-02-20 00:00:00+05:30,638.4783441779988,639.8186086707647,629.9759066406825,632.9915161132812,4345,0.0,0.0
IGARASHI.NS,2017-02-21 00:00:00+05:30,644.9704034081229,648.3629786767344,630.8973666553135,635.58837890625,2997,0.0,0.0
IGARASHI.NS,2017-02-22 00:00:00+05:30,639.1066404640776,642.4992733532724,628.258753107276,632.6146850585938,4264,0.0,0.0
IGARASHI.NS,2017-02-23 00:00:00+05:30,644.0907845580692,644.0907845580692,615.9029423221535,637.8919677734375,25354,0.0,0.0
IGARASHI.NS,2017-02-27 00:00:00+05:30,640.5725615382438,644.9703781694653,632.4889743350187,636.34228515625,10894,0.0,0.0
IGARASHI.NS,2017-02-28 00:00:00+05:30,639.6092247205227,650.038318277269,634.9600975728814,644.9703979492188,25077,0.0,0.0
IGARASHI.NS,2017-03-01 00:00:00+05:30,646.6456931955702,674.330971174044,646.6456931955702,659.9229125976562,41790,0.0,0.0
IGARASHI.NS,2017-03-02 00:00:00+05:30,676.0064386231909,676.0064386231909,656.7817095325953,667.7553100585938,26436,0.0,0.0
IGARASHI.NS,2017-03-03 00:00:00+05:30,660.7606497198411,669.2630883529979,637.8920355406117,652.509521484375,22988,0.0,0.0
IGARASHI.NS,2017-03-06 00:00:00+05:30,663.4412051965877,670.1426431188778,653.5147322338211,657.5355834960938,7987,0.0,0.0
IGARASHI.NS,2017-03-07 00:00:00+05:30,657.5774352490904,661.7658265564095,645.3473418245994,649.6194458007812,8309,0.0,0.0
IGARASHI.NS,2017-03-08 00:00:00+05:30,649.6195596745683,653.4729286153937,635.2952680854692,637.221923828125,7144,0.0,0.0
IGARASHI.NS,2017-03-09 00:00:00+05:30,637.4731203419097,656.6559616573505,634.5831659720585,651.8392944335938,10003,0.0,0.0
IGARASHI.NS,2017-03-10 00:00:00+05:30,652.1324850512783,652.1324850512783,637.4731156335773,645.2216796875,7258,0.0,0.0
IGARASHI.NS,2017-03-14 00:00:00+05:30,657.5774962517721,667.629624830761,643.8814243802985,662.7291870117188,11593,0.0,0.0
IGARASHI.NS,2017-03-15 00:00:00+05:30,659.4622391114511,690.833290448711,632.44711955165,673.7027587890625,125910,0.0,0.0
IGARASHI.NS,2017-03-16 00:00:00+05:30,680.1528706170868,686.0584921821886,677.4722840185245,679.1895141601562,19629,0.0,0.0
IGARASHI.NS,2017-03-17 00:00:00+05:30,675.5038039306941,686.8962549021792,654.519959872682,665.4097900390625,39798,0.0,0.0
IGARASHI.NS,2017-03-20 00:00:00+05:30,677.974963120632,686.8962525587608,658.6245792897151,680.9068603515625,17248,0.0,0.0
IGARASHI.NS,2017-03-21 00:00:00+05:30,671.4410569805488,687.7338881840461,649.4101440404498,657.9544677734375,23521,0.0,0.0
IGARASHI.NS,2017-03-22 00:00:00+05:30,658.4151346156713,686.8962323829015,653.3890990959308,677.7236328125,19051,0.0,0.0
IGARASHI.NS,2017-03-23 00:00:00+05:30,677.6817192975955,688.0689278822794,675.1686729154691,680.5298461914062,13200,0.0,0.0
IGARASHI.NS,2017-03-24 00:00:00+05:30,682.707881982343,690.8752404690958,682.707881982343,684.7601928710938,18729,0.0,0.0
IGARASHI.NS,2017-03-27 00:00:00+05:30,672.2368323121938,688.1108118847019,658.415105959574,682.917236328125,60534,0.0,0.0
IGARASHI.NS,2017-03-28 00:00:00+05:30,682.7079025428018,686.6449841658716,656.739848911729,669.5563354492188,56665,0.0,0.0
IGARASHI.NS,2017-03-29 00:00:00+05:30,672.2369495262366,677.7237214867814,663.4413143964723,674.2473754882812,11174,0.0,0.0
IGARASHI.NS,2017-03-30 00:00:00+05:30,680.4460841280115,681.7863487351274,667.6295991372235,671.48291015625,15807,0.0,0.0
IGARASHI.NS,2017-03-31 00:00:00+05:30,673.074459395178,680.9905064526113,665.9542285319753,675.1267700195312,10289,0.0,0.0
IGARASHI.NS,2017-04-03 00:00:00+05:30,671.7342567986153,686.8962487618268,671.7342567986153,675.2943725585938,12071,0.0,0.0
IGARASHI.NS,2017-04-05 00:00:00+05:30,685.2208249431194,691.0846191915756,665.954269402791,682.163330078125,16512,0.0,0.0
IGARASHI.NS,2017-04-06 00:00:00+05:30,682.7916421898568,683.545515951887,665.9124195745511,669.6400756835938,16566,0.0,0.0
IGARASHI.NS,2017-04-07 00:00:00+05:30,669.3048406399133,674.3728177435801,662.6034037308201,663.9437255859375,13194,0.0,0.0
IGARASHI.NS,2017-04-10 00:00:00+05:30,672.6556755829642,681.7026202361144,665.9961797496562,667.7971801757812,8791,0.0,0.0
IGARASHI.NS,2017-04-11 00:00:00+05:30,675.9644629746285,675.9644629746285,657.8287480810206,660.0067138671875,12980,0.0,0.0
IGARASHI.NS,2017-04-12 00:00:00+05:30,678.3519296290242,678.3519296290242,653.3891191601169,659.6298217773438,12786,0.0,0.0
IGARASHI.NS,2017-04-13 00:00:00+05:30,657.0749226131279,672.6557086648197,651.0017599638325,654.7713012695312,10624,0.0,0.0
IGARASHI.NS,2017-04-17 00:00:00+05:30,669.2629886167189,669.2629886167189,649.4100447128317,651.7554931640625,11984,0.0,0.0
IGARASHI.NS,2017-04-18 00:00:00+05:30,649.4519116279912,655.0643371500263,645.8498540207008,648.40478515625,14402,0.0,0.0
IGARASHI.NS,2017-04-19 00:00:00+05:30,649.2006255258299,659.8391435986288,641.9127973767703,644.5933837890625,17372,0.0,0.0
IGARASHI.NS,2017-04-20 00:00:00+05:30,650.0383787121897,667.3364519396438,646.5201479544235,656.0277709960938,180137,0.0,0.0
IGARASHI.NS,2017-04-21 00:00:00+05:30,656.739740382301,663.6087182805422,655.4832459601063,661.0119018554688,22771,0.0,0.0
IGARASHI.NS,2017-04-24 00:00:00+05:30,663.4411421157762,669.6818437373369,653.9753483048781,662.8128662109375,13340,0.0,0.0
IGARASHI.NS,2017-04-25 00:00:00+05:30,661.7658783342611,670.142661604315,657.5774866992341,669.0536499023438,10085,0.0,0.0
IGARASHI.NS,2017-04-26 00:00:00+05:30,669.4724566754443,674.0796986630875,662.6034787566945,666.7918701171875,23173,0.0,0.0
IGARASHI.NS,2017-04-27 00:00:00+05:30,667.6295315445914,681.7443946490112,665.9541865914364,667.587646484375,8534,0.0,0.0
IGARASHI.NS,2017-04-28 00:00:00+05:30,661.3469785007057,681.8700844951012,660.9281278772479,679.0638427734375,13905,0.0,0.0
IGARASHI.NS,2017-05-02 00:00:00+05:30,681.8282239119259,710.7699986548834,680.2366489411488,701.4718017578125,64152,0.0,0.0
IGARASHI.NS,2017-05-03 00:00:00+05:30,700.7598047089361,732.9685592305017,691.0846415601873,718.6860961914062,74581,0.0,0.0
IGARASHI.NS,2017-05-04 00:00:00+05:30,720.445253059653,790.4332446143904,712.5291479797733,755.6696166992188,201352,0.0,0.0
IGARASHI.NS,2017-05-05 00:00:00+05:30,759.7741745444076,768.8211181883645,744.1933335415378,747.3346557617188,31523,0.0,0.0
IGARASHI.NS,2017-05-08 00:00:00+05:30,747.041432680022,762.9572961371392,730.4554082502257,737.7012939453125,35027,0.0,0.0
IGARASHI.NS,2017-05-09 00:00:00+05:30,732.0470257114127,743.8582688093109,728.780105690464,731.7957153320312,15166,0.0,0.0
IGARASHI.NS,2017-05-10 00:00:00+05:30,732.9684676921684,782.9778522503337,728.8219615097628,768.9885864257812,63670,0.0,0.0
IGARASHI.NS,2017-05-11 00:00:00+05:30,771.5016772092564,776.1089193347269,742.7274426403092,750.140869140625,38588,0.0,0.0
IGARASHI.NS,2017-05-12 00:00:00+05:30,741.5547220177092,747.1671482510078,718.7279365959022,721.3666381835938,53429,0.0,0.0
IGARASHI.NS,2017-05-15 00:00:00+05:30,724.5917543175709,728.7801459610251,717.9322012624873,719.942626953125,15610,0.0,0.0
IGARASHI.NS,2017-05-16 00:00:00+05:30,722.9163451818114,726.3927481351891,713.911343448382,716.0474243164062,28272,0.0,0.0
IGARASHI.NS,2017-05-17 00:00:00+05:30,717.0106911584348,732.1307968162222,714.5395298800534,718.3510131835938,26525,0.0,0.0
IGARASHI.NS,2017-05-18 00:00:00+05:30,713.9113781882094,728.4032092527295,713.0736768440999,714.0789184570312,11112,0.0,0.0
IGARASHI.NS,2017-05-19 00:00:00+05:30,713.9113832379059,764.8003038647448,695.4824706367393,731.0838012695312,169086,0.0,0.0
IGARASHI.NS,2017-05-22 00:00:00+05:30,737.9108095497498,752.2350999051642,721.4504382880232,723.8378295898438,43566,0.0,0.0
IGARASHI.NS,2017-05-23 00:00:00+05:30,728.7800933569971,730.6229786524348,688.5715249910276,692.5086059570312,56747,0.0,0.0
IGARASHI.NS,2017-05-24 00:00:00+05:30,695.2730236518674,707.838198778106,682.917273856617,686.896240234375,16953,0.0,0.0
IGARASHI.NS,2017-05-25 00:00:00+05:30,697.7859611453455,706.4140543223955,693.0112363182003,699.79638671875,13609,0.0,0.0
IGARASHI.NS,2017-05-26 00:00:00+05:30,695.2729803188514,711.1888448379241,695.2729803188514,706.4140625,13427,0.0,0.0
IGARASHI.NS,2017-05-29 00:00:00+05:30,715.7123464827918,723.586508941782,692.0479165849887,695.6080322265625,13604,0.0,0.0
IGARASHI.NS,2017-05-30 00:00:00+05:30,696.1106687757427,712.026591770988,658.9177641243216,687.0637817382812,73846,0.0,0.0
IGARASHI.NS,2017-05-31 00:00:00+05:30,691.0845284119772,720.4032659809702,686.8961373306926,716.2986450195312,27527,0.0,0.0
IGARASHI.NS,2017-06-01 00:00:00+05:30,716.2149322784162,733.7642566925326,715.7541965823534,728.90576171875,19175,0.0,0.0
IGARASHI.NS,2017-06-02 00:00:00+05:30,734.6019314716779,751.104186164342,728.7800802524009,745.4917602539062,38279,0.0,0.0
IGARASHI.NS,2017-06-05 00:00:00+05:30,752.9889279951808,752.9889279951808,731.5024666761531,740.8007202148438,27223,0.0,0.0
IGARASHI.NS,2017-06-06 00:00:00+05:30,740.8007231728714,745.1566545383268,728.8219406456193,736.1934814453125,12535,0.0,0.0
IGARASHI.NS,2017-06-07 00:00:00+05:30,736.2773458900102,762.2035121023741,734.6438857825782,755.3345336914062,51100,0.0,0.0
IGARASHI.NS,2017-06-08 00:00:00+05:30,759.7741798538603,768.9886063560755,737.9945218386167,759.0621337890625,88833,0.0,0.0
IGARASHI.NS,2017-06-09 00:00:00+05:30,759.7741106633962,763.9625016344794,740.2143052935678,762.49658203125,26729,0.0,0.0
IGARASHI.NS,2017-06-12 00:00:00+05:30,754.2455201160569,770.5802935164746,754.2455201160569,768.2766723632812,71290,0.0,0.0
IGARASHI.NS,2017-06-13 00:00:00+05:30,774.0147435077465,783.2292279957824,768.6117424833669,780.0460205078125,28929,0.0,0.0
IGARASHI.NS,2017-06-14 00:00:00+05:30,783.2291792994599,833.4898752972863,779.0407879663078,829.8878173828125,245390,0.0,0.0
IGARASHI.NS,2017-06-15 00:00:00+05:30,836.0028891039054,891.2896793351141,796.6739059510734,881.5726318359375,259348,0.0,0.0
IGARASHI.NS,2017-06-16 00:00:00+05:30,889.6980535274688,942.1367138864118,879.6878111544902,917.9696655273438,262702,0.0,0.0
IGARASHI.NS,2017-06-19 00:00:00+05:30,919.7707583228029,924.3780006186219,871.1854612556447,877.5518188476562,92792,0.0,0.0
IGARASHI.NS,2017-06-20 00:00:00+05:30,870.3477429534022,900.4204150301549,862.808661129618,880.3161010742188,41500,0.0,0.0
IGARASHI.NS,2017-06-21 00:00:00+05:30,871.1854058659287,886.5567642891801,830.9768371810158,857.614990234375,150013,0.0,0.0
IGARASHI.NS,2017-06-22 00:00:00+05:30,864.483962375716,887.6876550304033,846.0550519432995,851.3323974609375,50599,0.0,0.0
IGARASHI.NS,2017-06-23 00:00:00+05:30,851.9188550835594,858.9134312591856,829.301551532856,838.8929443359375,27257,0.0,0.0
IGARASHI.NS,2017-06-27 00:00:00+05:30,838.8928726610516,838.8928726610516,816.9456745836729,823.9403076171875,18866,0.0,0.0
IGARASHI.NS,2017-06-28 00:00:00+05:30,818.4535851348151,820.9247464994321,796.0038224405358,808.150146484375,69088,0.0,0.0
IGARASHI.NS,2017-06-29 00:00:00+05:30,817.741574909626,836.0029468412858,810.9563664893157,825.5738525390625,33395,0.0,0.0
IGARASHI.NS,2017-06-30 00:00:00+05:30,827.626083687446,834.28563626702,814.9771395291622,827.66796875,18943,0.0,0.0
IGARASHI.NS,2017-07-03 00:00:00+05:30,827.6679687002978,835.6259582185679,813.3855645587696,817.1132202148438,16759,0.0,0.0
IGARASHI.NS,2017-07-04 00:00:00+05:30,818.4536137586405,879.4366039545921,815.6054867116848,866.7876586914062,95782,0.0,0.0
IGARASHI.NS,2017-07-05 00:00:00+05:30,866.9970903470166,879.5622655694372,859.541720873295,868.1279296875,33010,0.0,0.0
IGARASHI.NS,2017-07-06 00:00:00+05:30,867.1227142871112,892.1274086309872,867.1227142871112,884.2113037109375,39184,0.0,0.0
IGARASHI.NS,2017-07-07 00:00:00+05:30,885.4678921806421,892.127445425103,843.6258596217862,849.908447265625,30299,0.0,0.0
IGARASHI.NS,2017-07-10 00:00:00+05:30,846.8927081180177,866.1593200835008,840.1912703749576,850.9554443359375,5477,0.0,0.0
IGARASHI.NS,2017-07-11 00:00:00+05:30,858.4945635380262,858.4945635380262,826.3276975867007,834.3275146484375,37106,0.0,0.0
IGARASHI.NS,2017-07-12 00:00:00+05:30,835.2070915335362,866.8713363810524,834.5369305455984,856.1490478515625,26353,0.0,0.0
IGARASHI.NS,2017-07-13 00:00:00+05:30,861.9709101436031,873.698382850188,851.9187824728868,863.6043701171875,28527,0.0,0.0
IGARASHI.NS,2017-07-14 00:00:00+05:30,862.7249009958132,871.185454340999,851.7094161298965,863.4368896484375,13573,0.0,0.0
IGARASHI.NS,2017-07-17 00:00:00+05:30,850.4110277403489,871.9393190110741,832.5684498010686,843.0394287109375,26173,0.0,0.0
IGARASHI.NS,2017-07-18 00:00:00+05:30,844.2539827324329,864.4839505794248,839.3117177828154,857.32177734375,13878,0.0,0.0
IGARASHI.NS,2017-07-19 00:00:00+05:30,855.688382877059,861.5521196395206,844.1284496129638,852.3795776367188,9965,0.0,0.0
IGARASHI.NS,2017-07-20 00:00:00+05:30,852.2958043112146,863.5625420766238,847.730447131778,860.0443115234375,7152,0.0,0.0
IGARASHI.NS,2017-07-21 00:00:00+05:30,862.6410553324024,871.1853780598138,849.9083413643187,858.0338134765625,10728,0.0,0.0
IGARASHI.NS,2017-07-24 00:00:00+05:30,857.7825297614444,883.7505792427214,846.7251604549419,862.5573120117188,17145,0.0,0.0
IGARASHI.NS,2017-07-25 00:00:00+05:30,865.7405340676381,868.2954656571002,847.7304726534894,851.2905883789062,10279,0.0,0.0
IGARASHI.NS,2017-07-26 00:00:00+05:30,864.9028534957545,864.9028534957545,846.1388616842363,850.53662109375,7134,0.0,0.0
IGARASHI.NS,2017-07-27 00:00:00+05:30,846.9346168808429,856.9448599846106,813.385599619066,822.8095092773438,60316,0.0,0.0
IGARASHI.NS,2017-07-28 00:00:00+05:30,821.343581063282,854.4319220481835,818.2860860936929,850.2435302734375,19473,0.0,0.0
IGARASHI.NS,2017-07-31 00:00:00+05:30,846.0550788092542,858.6202532470154,845.5943431063249,847.8560791015625,7553,0.0,0.0
IGARASHI.NS,2017-08-01 00:00:00+05:30,848.5680180613425,858.6202029875501,824.0240615171415,831.814453125,88310,0.0,0.0
IGARASHI.NS,2017-08-02 00:00:00+05:30,841.8666689398293,854.4318431031104,805.9302616399648,815.7310791015625,77200,0.0,0.0
IGARASHI.NS,2017-08-03 00:00:00+05:30,818.2860564605276,829.3015413676308,809.2391121689363,812.7155151367188,11587,0.0,0.0
IGARASHI.NS,2017-08-04 00:00:00+05:30,812.715476878296,829.3015023284241,801.6581074263755,803.6266479492188,6427,0.0,0.0
IGARASHI.NS,2017-08-07 00:00:00+05:30,803.626654151767,819.6681739019081,796.6739059453466,802.4119873046875,8267,0.0,0.0
IGARASHI.NS,2017-08-08 00:00:00+05:30,812.5479714681962,938.1997196333813,806.2234989947718,857.824462890625,238599,0.0,0.0
IGARASHI.NS,2017-08-09 00:00:00+05:30,862.8086277376184,866.1593178728441,825.9507489726114,842.6205444335938,44150,0.0,0.0
IGARASHI.NS,2017-08-10 00:00:00+05:30,837.5945603742776,865.1122441196477,809.5741983857739,827.1654663085938,33091,0.0,0.0
IGARASHI.NS,2017-08-11 00:00:00+05:30,805.0088053212943,853.5941578197697,800.1921953540725,831.8563842773438,24553,0.0,0.0
IGARASHI.NS,2017-08-14 00:00:00+05:30,837.468784023214,850.0339571630304,830.1390709639044,832.9453125,12779,0.0,0.0
IGARASHI.NS,2017-08-16 00:00:00+05:30,849.657037266224,849.657037266224,825.2387356877537,840.8195190429688,15330,0.0,0.0
IGARASHI.NS,2017-08-17 00:00:00+05:30,837.6364005086108,879.4365446604334,836.2541934167834,843.458251953125,27195,0.0,0.0
IGARASHI.NS,2017-08-18 00:00:00+05:30,835.2070969955541,841.0289482498281,829.3014756172402,833.3223266601562,13875,0.0,0.0
IGARASHI.NS,2017-08-21 00:00:00+05:30,850.2434906571731,852.7564796405223,813.4693804132713,816.652587890625,13821,0.0,0.0
IGARASHI.NS,2017-08-22 00:00:00+05:30,816.7363869578741,832.6941376084189,816.7363869578741,824.5686645507812,6801,0.0,0.0
IGARASHI.NS,2017-08-23 00:00:00+05:30,828.5057068234187,851.9188258211395,821.8461539478657,836.5892944335938,20346,0.0,0.0
IGARASHI.NS,2017-08-24 00:00:00+05:30,836.673043189587,847.6466425086078,831.6888355624712,835.2908935546875,17492,0.0,0.0
IGARASHI.NS,2017-08-28 00:00:00+05:30,830.0553597289346,847.6885114173507,826.7884397612469,837.7201538085938,9847,0.0,0.0
IGARASHI.NS,2017-08-29 00:00:00+05:30,836.2961125569965,844.3378152332847,827.8774442948496,833.824951171875,22228,0.0,0.0
IGARASHI.NS,2017-08-30 00:00:00+05:30,846.0551584504084,846.0551584504084,833.0292470835584,840.652099609375,8646,0.0,0.0
IGARASHI.NS,2017-08-31 00:00:00+05:30,832.6522207228876,850.2434882904093,831.814519427098,837.5945434570312,5777,0.0,0.0
IGARASHI.NS,2017-09-01 00:00:00+05:30,836.0448146097735,845.1336440487214,823.7309500214943,835.5003662109375,12695,0.0,0.0
IGARASHI.NS,2017-09-04 00:00:00+05:30,848.2330097664209,848.2330097664209,825.6994208692538,828.715087890625,7494,0.0,0.0
IGARASHI.NS,2017-09-05 00:00:00+05:30,828.4637202139031,840.1911920797775,828.4637202139031,834.6625366210938,4527,0.0,0.0
IGARASHI.NS,2017-09-06 00:00:00+05:30,834.3694321026517,837.4688693716508,829.3015117439654,834.578857421875,2931,0.0,0.0
IGARASHI.NS,2017-09-07 00:00:00+05:30,837.6782152326376,846.0549973849639,829.7202262235271,831.2280883789062,3192,0.0,0.0
IGARASHI.NS,2017-09-08 00:00:00+05:30,832.6521938345477,837.6782865359656,825.1131122379262,827.961181640625,4230,0.0,0.0
IGARASHI.NS,2017-09-11 00:00:00+05:30,830.1810331353038,833.4898956936577,804.3805235059594,809.4066162109375,23863,0.0,0.0
IGARASHI.NS,2017-09-12 00:00:00+05:30,829.1339684470134,829.1339684470134,811.7940117229801,815.5216674804688,18044,0.0,0.0
IGARASHI.NS,2017-09-13 00:00:00+05:30,816.7363675316233,827.5842547355779,804.3805605179825,807.773193359375,8697,0.0,0.0
IGARASHI.NS,2017-09-14 00:00:00+05:30,810.8725956385181,816.694504977721,796.2969946682562,801.07177734375,28770,0.0,0.0
IGARASHI.NS,2017-09-15 00:00:00+05:30,798.3073469428895,822.641936357492,789.0929204277554,820.0032348632812,36651,0.0,0.0
IGARASHI.NS,2017-09-18 00:00:00+05:30,829.0502831159821,829.0502831159821,805.8465874684198,808.3177490234375,17874,0.0,0.0
IGARASHI.NS,2017-09-19 00:00:00+05:30,805.846536824759,815.6473548374327,805.846536824759,810.6631469726562,4390,0.0,0.0
IGARASHI.NS,2017-09-20 00:00:00+05:30,808.3595661707316,815.0609466616274,796.0456444982692,799.3126220703125,9877,0.0,0.0
IGARASHI.NS,2017-09-21 00:00:00+05:30,812.4641751959496,812.4641751959496,787.6270218182315,789.1348266601562,9405,0.0,0.0
IGARASHI.NS,2017-09-22 00:00:00+05:30,790.768330453282,799.9828151810262,779.9622706679029,791.3966064453125,10388,0.0,0.0
IGARASHI.NS,2017-09-25 00:00:00+05:30,783.2292411286085,790.7683231412258,755.6696147879932,768.6117553710938,21464,0.0,0.0
IGARASHI.NS,2017-09-26 00:00:00+05:30,763.1248864577542,775.9832562318122,720.1939028938311,761.7427368164062,92428,0.0,0.0
IGARASHI.NS,2017-09-27 00:00:00+05:30,769.6588454773716,770.6640870826461,743.8583337414503,751.0205078125,9145,0.0,0.0
IGARASHI.NS,2017-09-28 00:00:00+05:30,762.1198123602866,762.1198123602866,738.8323456817196,753.9524536132812,62469,0.0,0.0
IGARASHI.NS,2017-09-29 00:00:00+05:30,761.2820644352439,774.4336307479388,741.2615769525391,753.9105224609375,15987,0.0,0.0
IGARASHI.NS,2017-10-03 00:00:00+05:30,753.9105033620878,764.8002757795774,737.9945804844717,742.7274780273438,9845,0.0,0.0
IGARASHI.NS,2017-10-04 00:00:00+05:30,741.5965966373382,758.056966983315,728.7801119124922,732.6334228515625,27688,0.0,0.0
IGARASHI.NS,2017-10-05 00:00:00+05:30,736.9893708431426,736.9893708431426,724.5917364801539,732.7590942382812,27785,0.0,0.0
IGARASHI.NS,2017-10-06 00:00:00+05:30,733.9737586439458,741.3453581841112,722.1625142992337,729.3665161132812,20610,0.0,0.0
IGARASHI.NS,2017-10-09 00:00:00+05:30,728.8639235229793,808.3595954279881,728.7801533910359,747.8373413085938,60066,0.0,0.0
IGARASHI.NS,2017-10-10 00:00:00+05:30,761.4495073899286,770.4964508890217,749.7639199165191,758.7689208984375,18900,0.0,0.0
IGARASHI.NS,2017-10-11 00:00:00+05:30,759.1040823072656,774.852464986008,751.4393450263311,756.8423461914062,22434,0.0,0.0
IGARASHI.NS,2017-10-12 00:00:00+05:30,769.826336471791,777.532958463588,759.7742083399893,771.9205322265625,15634,0.0,0.0
IGARASHI.NS,2017-10-13 00:00:00+05:30,772.0043324157473,783.2292427823871,748.8006379529194,776.9466552734375,62805,0.0,0.0
IGARASHI.NS,2017-10-16 00:00:00+05:30,778.0355382848524,783.2291710619799,754.7480758227877,757.0516967773438,45677,0.0,0.0
IGARASHI.NS,2017-10-17 00:00:00+05:30,757.0517245901165,763.9207026441383,742.8949753021797,748.633056640625,13964,0.0,0.0
IGARASHI.NS,2017-10-18 00:00:00+05:30,762.1197744556555,762.1197744556555,721.3248103636698,731.0838012695312,29860,0.0,0.0
IGARASHI.NS,2017-10-19 00:00:00+05:30,733.0522813320621,752.9052271300956,729.6177635366108,736.6961669921875,7632,0.0,0.0
IGARASHI.NS,2017-10-23 00:00:00+05:30,744.6960071981273,744.6960071981273,733.0523037726941,738.162109375,8019,0.0,0.0
IGARASHI.NS,2017-10-24 00:00:00+05:30,744.6959688005863,744.6959688005863,724.591713039496,731.628173828125,16419,0.0,0.0
IGARASHI.NS,2017-10-25 00:00:00+05:30,744.5284832081239,744.5284832081239,732.9685496606911,735.7328491210938,3835,0.0,0.0
IGARASHI.NS,2017-10-26 00:00:00+05:30,738.0364701706436,743.0206781404993,723.795949842425,735.2302856445312,10068,0.0,0.0
IGARASHI.NS,2017-10-27 00:00:00+05:30,749.638302224192,749.638302224192,722.1624473148535,725.4712524414062,16513,0.0,0.0
IGARASHI.NS,2017-10-30 00:00:00+05:30,720.4870860925205,753.9104469420652,720.4033159668622,746.455078125,17812,0.0,0.0
IGARASHI.NS,2017-10-31 00:00:00+05:30,745.617480052931,770.6640596947914,743.8583073062182,762.6641845703125,18805,0.0,0.0
IGARASHI.NS,2017-11-01 00:00:00+05:30,763.1248709399831,768.9886073499722,749.722053067937,756.6747436523438,8070,0.0,0.0
IGARASHI.NS,2017-11-02 00:00:00+05:30,758.0988800690483,760.611869066197,742.1829575058962,745.8268432617188,3830,0.0,0.0
IGARASHI.NS,2017-11-03 00:00:00+05:30,745.826904040752,754.0362051098919,734.6439354711439,753.49169921875,27934,0.0,0.0
IGARASHI.NS,2017-11-06 00:00:00+05:30,753.826694226157,754.7481081741727,741.345289947854,744.193359375,4626,0.0,0.0
IGARASHI.NS,2017-11-07 00:00:00+05:30,744.2352354108523,754.2454782592421,724.6754854102445,729.4083251953125,25234,0.0,0.0
IGARASHI.NS,2017-11-08 00:00:00+05:30,729.4083525875966,740.5076074983061,724.1728918464553,731.0418701171875,8990,0.0,0.0
IGARASHI.NS,2017-11-09 00:00:00+05:30,731.041814509877,756.4234149635607,728.7800786349146,750.7691040039062,9871,0.0,0.0
IGARASHI.NS,2017-11-10 00:00:00+05:30,741.3452359299157,769.8262728591468,737.2824999487034,755.5857543945312,43167,0.0,0.0
IGARASHI.NS,2017-11-13 00:00:00+05:30,745.6174395111561,745.6174395111561,723.1257351705038,726.0157470703125,33221,0.0,0.0
IGARASHI.NS,2017-11-14 00:00:00+05:30,720.4870844385364,735.3977071274281,704.6968179767484,711.5657958984375,9553,0.0,0.0
IGARASHI.NS,2017-11-15 00:00:00+05:30,711.5658469488613,725.4294015195578,703.649799346426,712.2778930664062,17872,0.0,0.0
IGARASHI.NS,2017-11-16 00:00:00+05:30,719.5237340774603,743.0206224586994,694.5609259436819,731.4606323242188,49810,0.0,0.0
IGARASHI.NS,2017-11-17 00:00:00+05:30,742.9787338087818,747.2090102491343,714.7908334088922,744.0676879882812,25789,0.0,0.0
IGARASHI.NS,2017-11-20 00:00:00+05:30,737.0731423856402,754.0361339021287,729.198922608501,751.6487426757812,11156,0.0,0.0
IGARASHI.NS,2017-11-21 00:00:00+05:30,746.2038016614972,753.9104812057902,738.0783289253845,751.9838256835938,21164,0.0,0.0
IGARASHI.NS,2017-11-22 00:00:00+05:30,753.0308398788686,758.0988174305721,739.6698499374708,750.7691040039062,22240,0.0,0.0
IGARASHI.NS,2017-11-23 00:00:00+05:30,747.0415649414062,753.7430034881619,745.2824495321792,747.0415649414062,4550,0.0,0.0
IGARASHI.NS,2017-11-24 00:00:00+05:30,743.8582207832806,753.1983594585731,743.8582207832806,747.0833129882812,3615,0.0,0.0
IGARASHI.NS,2017-11-27 00:00:00+05:30,753.8267131491838,753.8267131491838,733.8061692514716,744.6541137695312,13423,0.0,0.0
IGARASHI.NS,2017-11-28 00:00:00+05:30,741.3453261307037,753.8267310181867,734.5182327651921,748.0048217773438,34498,0.0,0.0
IGARASHI.NS,2017-11-29 00:00:00+05:30,753.0727672511836,755.9208941496191,734.6438561781753,749.8058471679688,13159,0.0,0.0
IGARASHI.NS,2017-11-30 00:00:00+05:30,745.5336449862621,752.1512549207085,737.2406325818259,742.9368286132812,17296,0.0,0.0
IGARASHI.NS,2017-12-01 00:00:00+05:30,749.7219961062567,749.7638811657637,726.2669947928381,730.7904663085938,24124,0.0,0.0
IGARASHI.NS,2017-12-04 00:00:00+05:30,745.3661532084377,745.3661532084377,699.5451566956734,706.3721923828125,19765,0.0,0.0
IGARASHI.NS,2017-12-05 00:00:00+05:30,718.7278538303349,718.7278538303349,700.717795407422,704.5711059570312,34543,0.0,0.0
IGARASHI.NS,2017-12-06 00:00:00+05:30,709.5134641757094,747.2089853150322,705.953348860313,736.82177734375,37466,0.0,0.0
IGARASHI.NS,2017-12-07 00:00:00+05:30,749.7220241838232,753.0727141588685,728.7800682010349,730.3716430664062,13359,0.0,0.0
IGARASHI.NS,2017-12-08 00:00:00+05:30,737.1569033819517,737.1569033819517,722.1624526316424,729.1989135742188,10037,0.0,0.0
IGARASHI.NS,2017-12-11 00:00:00+05:30,735.4814112180592,735.4814112180592,718.1415139030154,721.6178588867188,9237,0.0,0.0
IGARASHI.NS,2017-12-12 00:00:00+05:30,720.4034185357843,736.9056759959542,715.7542908108348,729.9948120117188,79535,0.0,0.0
IGARASHI.NS,2017-12-13 00:00:00+05:30,716.1312150435037,737.785162347202,716.1312150435037,733.5130004882812,5342,0.0,0.0
IGARASHI.NS,2017-12-14 00:00:00+05:30,720.4871322089425,734.6438821627796,720.4033620779223,733.0523071289062,4209,0.0,0.0
IGARASHI.NS,2017-12-15 00:00:00+05:30,744.5284058028096,748.0466360896432,726.476461232469,732.7171630859375,3533,0.0,0.0
IGARASHI.NS,2017-12-18 00:00:00+05:30,744.5284881399192,744.5284881399192,722.0787245005745,731.2931518554688,9769,0.0,0.0
IGARASHI.NS,2017-12-19 00:00:00+05:30,720.5289406783648,752.90517358773,720.5289406783648,735.8165283203125,7655,0.0,0.0
IGARASHI.NS,2017-12-20 00:00:00+05:30,729.6596022521989,749.7220295515405,723.3351303510059,731.5443725585938,4103,0.0,0.0
IGARASHI.NS,2017-12-21 00:00:00+05:30,745.4498971420495,745.5336672680527,728.7801017114672,741.3452758789062,8381,0.0,0.0
IGARASHI.NS,2017-12-22 00:00:00+05:30,745.5336672048793,755.5857950468778,730.6648720291191,751.9000244140625,16721,0.0,0.0
IGARASHI.NS,2017-12-26 00:00:00+05:30,753.9104221885519,757.8893881156635,743.9001223230897,749.763916015625,7552,0.0,0.0
IGARASHI.NS,2017-12-27 00:00:00+05:30,753.9104826901394,753.9104826901394,732.9266397728203,736.4867553710938,5580,0.0,0.0
IGARASHI.NS,2017-12-28 00:00:00+05:30,730.4973978139179,741.9316763130021,725.01056897618,726.3508911132812,8223,0.0,0.0
IGARASHI.NS,2017-12-29 00:00:00+05:30,730.036589923253,764.5489622542815,715.2515649982621,719.3980712890625,53779,0.0,0.0
IGARASHI.NS,2018-01-01 00:00:00+05:30,722.3718124971753,732.1307442648543,712.0264898855795,715.083984375,7148,0.0,0.0
IGARASHI.NS,2018-01-02 00:00:00+05:30,721.7855168019225,722.2462525257359,702.8120990935481,707.3355712890625,18590,0.0,0.0
IGARASHI.NS,2018-01-03 00:00:00+05:30,712.0265951408205,716.2149868769429,705.3251568719227,711.9009399414062,15830,0.0,0.0
IGARASHI.NS,2018-01-04 00:00:00+05:30,720.4033017256448,720.4033017256448,707.8381278583371,711.9427490234375,18651,0.0,0.0
IGARASHI.NS,2018-01-05 00:00:00+05:30,717.5133689435801,717.6809092100405,704.0686072931887,709.6810913085938,19728,0.0,0.0
IGARASHI.NS,2018-01-08 00:00:00+05:30,712.9898310262025,712.9898310262025,701.5136685631544,704.0685424804688,17690,0.0,0.0
IGARASHI.NS,2018-01-09 00:00:00+05:30,703.9010582520897,713.701875640316,699.4613565196398,703.3984375,26002,0.0,0.0
IGARASHI.NS,2018-01-10 00:00:00+05:30,703.3984784893197,711.1888707786634,699.2100868888434,700.2152709960938,35164,0.0,0.0
IGARASHI.NS,2018-01-11 00:00:00+05:30,706.1627403785948,719.5656157706283,701.6812110157914,712.4034423828125,16377,0.0,0.0
IGARASHI.NS,2018-01-12 00:00:00+05:30,727.1047608268818,727.1047608268818,705.576468629715,712.571044921875,9725,0.0,0.0
IGARASHI.NS,2018-01-15 00:00:00+05:30,715.3773093586979,720.3196324558099,709.513572224055,713.534423828125,6597,0.0,0.0
IGARASHI.NS,2018-01-16 00:00:00+05:30,726.9372655430682,726.9372655430682,707.4612270301128,720.61279296875,31457,0.0,0.0
IGARASHI.NS,2018-01-17 00:00:00+05:30,712.0683960897128,726.2670297576525,707.0004185563774,715.8798217773438,7090,0.0,0.0
IGARASHI.NS,2018-01-18 00:00:00+05:30,726.2670316827215,726.2670316827215,699.4613391581793,703.105224609375,14014,0.0,0.0
IGARASHI.NS,2018-01-19 00:00:00+05:30,725.4293820177932,725.4293820177932,699.4613888799843,704.15234375,30979,0.0,0.0
IGARASHI.NS,2018-01-22 00:00:00+05:30,703.6497215875125,710.9374923985221,695.3985943709891,701.9324340820312,87040,0.0,0.0
IGARASHI.NS,2018-01-23 00:00:00+05:30,701.9743517135224,732.9266089323954,701.9743517135224,715.29345703125,11454,0.0,0.0
IGARASHI.NS,2018-01-24 00:00:00+05:30,705.4927256209737,711.9428537514569,701.9744373508389,703.4822998046875,50362,0.0,0.0
IGARASHI.NS,2018-01-25 00:00:00+05:30,704.6130149896303,710.3510959499182,698.3304282392089,706.20458984375,8403,0.0,0.0
IGARASHI.NS,2018-01-29 00:00:00+05:30,709.5134913610877,724.5917118856472,702.812053632894,720.9058837890625,15429,0.0,0.0
IGARASHI.NS,2018-01-30 00:00:00+05:30,719.3980909155489,720.4033324464425,699.5451452354577,703.8591918945312,11473,0.0,0.0
IGARASHI.NS,2018-01-31 00:00:00+05:30,695.2729633713512,707.8381374081829,695.2729633713512,698.1210327148438,6262,0.0,0.0
IGARASHI.NS,2018-02-01 00:00:00+05:30,695.2730276794493,701.0111094152388,694.4353263506438,695.5662231445312,61891,0.0,0.0
IGARASHI.NS,2018-02-02 00:00:00+05:30,699.4613898367458,699.4613898367458,679.3570758950799,685.09521484375,21052,0.0,0.0
IGARASHI.NS,2018-02-05 00:00:00+05:30,678.6869424239281,695.2729676583742,674.3310108011943,693.1787719726562,12605,0.0,0.0
IGARASHI.NS,2018-02-06 00:00:00+05:30,669.1374132524525,674.7079545357155,565.6422903239154,662.1009521484375,91071,0.0,0.0
IGARASHI.NS,2018-02-07 00:00:00+05:30,675.1267960175144,720.4033441408756,666.038024305674,674.037841796875,59985,0.0,0.0
IGARASHI.NS,2018-02-08 00:00:00+05:30,672.6556499445835,686.6449170612532,672.2787418113268,679.6083984375,20987,0.0,0.0
IGARASHI.NS,2018-02-09 00:00:00+05:30,671.2315956638324,683.1266091638099,661.9333986887956,681.5350341796875,18047,0.0,0.0
IGARASHI.NS,2018-02-12 00:00:00+05:30,672.8231723791989,690.2468994874971,672.8231723791989,687.3150024414062,5055,0.0,0.0
IGARASHI.NS,2018-02-14 00:00:00+05:30,679.3571460241208,703.398543615438,679.3571460241208,698.1630249023438,39763,0.0,0.0
IGARASHI.NS,2018-02-15 00:00:00+05:30,697.7859344479871,703.1052223474503,679.6083348566184,687.2730712890625,8283,0.0,0.0
IGARASHI.NS,2018-02-16 00:00:00+05:30,686.8961806801301,702.3094240604543,682.7915594596519,698.1210327148438,24956,0.0,0.0
IGARASHI.NS,2018-02-19 00:00:00+05:30,698.53992621446,716.2149640581907,679.8597042629501,707.8800659179688,20485,0.0,0.0
IGARASHI.NS,2018-02-20 00:00:00+05:30,715.7961423506805,716.2149930189865,695.7337124384089,702.5189208984375,5088,0.0,0.0
IGARASHI.NS,2018-02-21 00:00:00+05:30,699.670824707284,702.8120896893254,691.0846161549595,694.9379272460938,3278,0.0,0.0
IGARASHI.NS,2018-02-22 00:00:00+05:30,688.1527082452218,693.5975942745567,679.4827296984638,682.3727416992188,3817,0.0,0.0
IGARASHI.NS,2018-02-23 00:00:00+05:30,692.7599001241856,694.4352451303408,685.346416597857,692.3829345703125,9735,0.0,0.0
IGARASHI.NS,2018-02-26 00:00:00+05:30,692.7599340012257,701.8068779145777,686.9380825287747,695.3567504882812,12861,0.0,0.0
IGARASHI.NS,2018-02-27 00:00:00+05:30,695.3567312044329,695.3567312044329,686.0584771674047,689.7861328125,3675,0.0,0.0
IGARASHI.NS,2018-02-28 00:00:00+05:30,686.8962153253541,695.1892283097204,681.0324211813418,685.5977783203125,3644,0.0,0.0
IGARASHI.NS,2018-03-01 00:00:00+05:30,691.5033651496375,691.5033651496375,682.7496743514105,687.5662841796875,3563,0.0,0.0
IGARASHI.NS,2018-03-05 00:00:00+05:30,701.2623799451086,701.2623799451086,679.4408361254362,683.7548828125,2211,0.0,0.0
IGARASHI.NS,2018-03-06 00:00:00+05:30,682.8335087406142,688.5715904853186,682.7078535410981,685.5140380859375,8149,0.0,0.0
IGARASHI.NS,2018-03-07 00:00:00+05:30,682.7915499925061,701.1366900425976,662.268386719172,672.78125,150216,0.0,0.0
IGARASHI.NS,2018-03-08 00:00:00+05:30,676.7184049176309,685.1370727605361,662.6034834164334,675.4618530273438,4932,0.0,0.0
IGARASHI.NS,2018-03-09 00:00:00+05:30,678.2680970614767,683.0009942863749,665.8285780390669,673.2420043945312,46683,0.0,0.0
IGARASHI.NS,2018-03-12 00:00:00+05:30,671.8179926938533,686.8962137551906,657.5774729241764,666.20556640625,94249,0.0,0.0
IGARASHI.NS,2018-03-13 00:00:00+05:30,662.9386002489872,681.6188222753743,661.7658758759596,668.7185668945312,212175,0.0,0.0
IGARASHI.NS,2018-03-14 00:00:00+05:30,676.0064108642354,676.0064108642354,666.8756962475716,668.1741333007812,16919,0.0,0.0
IGARASHI.NS,2018-03-15 00:00:00+05:30,670.1845839911382,676.8440799481696,668.4672962116277,672.5300903320312,26656,0.0,0.0
IGARASHI.NS,2018-03-16 00:00:00+05:30,672.9488210339512,675.3362122208359,666.7918890069351,669.8075561523438,4622,0.0,0.0
IGARASHI.NS,2018-03-19 00:00:00+05:30,671.6504440107249,675.9644906976487,667.2526271956857,670.1426391601562,282033,0.0,0.0
IGARASHI.NS,2018-03-20 00:00:00+05:30,673.7027211750403,674.3309971046459,670.9802496022525,672.2786865234375,212676,0.0,0.0
IGARASHI.NS,2018-03-21 00:00:00+05:30,671.0640509762961,674.3310285068786,670.5614302092056,672.8650512695312,28212,0.0,0.0
IGARASHI.NS,2018-03-22 00:00:00+05:30,674.1216206553761,676.0063911252986,671.064068365186,673.1582641601562,5507,0.0,0.0
IGARASHI.NS,2018-03-23 00:00:00+05:30,662.6872226193677,677.5979021664629,662.6872226193677,672.8231201171875,171505,0.0,0.0
IGARASHI.NS,2018-03-26 00:00:00+05:30,676.8440599203848,680.3204629888205,670.142679093854,671.9017944335938,24190,0.0,0.0
IGARASHI.NS,2018-03-27 00:00:00+05:30,673.2839010597761,681.7863392036458,670.2264063081761,677.807373046875,46385,0.0,0.0
IGARASHI.NS,2018-03-28 00:00:00+05:30,678.3937477289536,678.9381960907647,673.5351953469923,677.6817016601562,283394,0.0,0.0
IGARASHI.NS,2018-04-02 00:00:00+05:30,677.6817351533344,679.3570802954482,665.9542617030313,675.545654296875,4836,0.0,0.0
IGARASHI.NS,2018-04-03 00:00:00+05:30,668.8023767539713,677.262930626099,668.8023767539713,672.5300903320312,7446,0.0,0.0
IGARASHI.NS,2018-04-04 00:00:00+05:30,678.3518280061342,691.0007716136885,671.0221147448286,687.1474609375,8057,0.0,0.0
IGARASHI.NS,2018-04-05 00:00:00+05:30,687.1475610721933,711.9428311718327,687.1475610721933,710.1837158203125,13724,0.0,0.0
IGARASHI.NS,2018-04-06 00:00:00+05:30,717.8902871427895,717.8902871427895,699.6708014677877,701.4718017578125,1674,0.0,0.0
IGARASHI.NS,2018-04-09 00:00:00+05:30,712.0265141885308,712.0265141885308,695.3148342105101,703.2727661132812,4993,0.0,0.0
IGARASHI.NS,2018-04-10 00:00:00+05:30,703.6916684968427,708.8433590995677,688.7391025551406,693.9326782226562,3421,0.0,0.0
IGARASHI.NS,2018-04-11 00:00:00+05:30,700.2989890643064,703.733506692891,687.901355445009,701.8905639648438,1789,0.0,0.0
IGARASHI.NS,2018-04-12 00:00:00+05:30,703.7753697696925,710.5186347191992,698.6655072761951,705.5344848632812,2295,0.0,0.0
IGARASHI.NS,2018-04-13 00:00:00+05:30,696.9482826656551,702.7701337807205,691.0845464895713,693.2625122070312,2829,0.0,0.0
IGARASHI.NS,2018-04-16 00:00:00+05:30,691.0845417351492,693.5975304679665,683.5872882309222,687.1474609375,2249,0.0,0.0
IGARASHI.NS,2018-04-17 00:00:00+05:30,687.6081737046271,699.4613592094685,686.9799552176036,693.6813354492188,5948,0.0,0.0
IGARASHI.NS,2018-04-18 00:00:00+05:30,695.2729715226803,708.9270998908087,692.3829596272351,704.7387084960938,6512,0.0,0.0
IGARASHI.NS,2018-04-19 00:00:00+05:30,705.3251162951012,711.6495886019143,693.9326661478229,699.4194946289062,2681,0.0,0.0
IGARASHI.NS,2018-04-20 00:00:00+05:30,689.4092170365992,703.4403692302628,686.938113085896,690.3306884765625,3004,0.0,0.0
IGARASHI.NS,2018-04-23 00:00:00+05:30,689.451082671378,728.6544686312586,685.3045762194201,710.9794311523438,11802,0.0,0.0
IGARASHI.NS,2018-04-24 00:00:00+05:30,713.4087093429143,727.1884933370517,710.8956629353175,719.3143310546875,6248,0.0,0.0
IGARASHI.NS,2018-04-25 00:00:00+05:30,718.7279081738766,718.7279081738766,690.2468700363795,692.5086059570312,3483,0.0,0.0
IGARASHI.NS,2018-04-26 00:00:00+05:30,689.4092010275562,708.0894801416902,689.4092010275562,692.7599487304688,2579,0.0,0.0
IGARASHI.NS,2018-04-27 00:00:00+05:30,698.3305463815101,723.7540931097623,691.5872228216907,713.534423828125,6072,0.0,0.0
IGARASHI.NS,2018-04-30 00:00:00+05:30,712.3615899878173,724.59174163527,703.9010941734092,717.7646484375,5350,0.0,0.0
IGARASHI.NS,2018-05-02 00:00:00+05:30,726.2671385115542,729.6178290241717,707.9219959167268,710.8119506835938,8250,0.0,0.0
IGARASHI.NS,2018-05-03 00:00:00+05:30,707.8381804804854,708.5920541970462,699.461397279533,700.2152709960938,1535,0.0,0.0
IGARASHI.NS,2018-05-04 00:00:00+05:30,699.5032937246258,710.3511810328235,692.7599704979425,704.7806396484375,4609,0.0,0.0
IGARASHI.NS,2018-05-07 00:00:00+05:30,707.8382130685633,712.6129383449636,695.273037688648,697.4091186523438,2185,0.0,0.0
IGARASHI.NS,2018-05-08 00:00:00+05:30,695.5242959023648,701.8068831209096,691.1683641677331,696.5294799804688,3052,0.0,0.0
IGARASHI.NS,2018-05-09 00:00:00+05:30,688.5715135568255,703.649733625618,687.9013525676115,690.4981689453125,2767,0.0,0.0
IGARASHI.NS,2018-05-10 00:00:00+05:30,693.0531904036842,702.6026984645317,687.8176719054945,695.859375,5153,0.0,0.0
IGARASHI.NS,2018-05-11 00:00:00+05:30,691.1264595771822,720.9896474618553,691.0845745144652,709.0108642578125,13377,0.0,0.0
IGARASHI.NS,2018-05-14 00:00:00+05:30,700.6341590011642,722.5394746690583,695.2730427471531,696.0269165039062,2102,0.0,0.0
IGARASHI.NS,2018-05-15 00:00:00+05:30,696.3200511516,701.555569201754,671.8179783594144,685.4721069335938,6404,0.0,0.0
IGARASHI.NS,2018-05-16 00:00:00+05:30,688.90656097397,692.6761014463,678.5193534174051,679.6920776367188,2726,0.0,0.0
IGARASHI.NS,2018-05-17 00:00:00+05:30,685.849103662269,691.2521622126204,678.5194470057023,685.555908203125,1958,0.0,0.0
IGARASHI.NS,2018-05-18 00:00:00+05:30,683.7548315997328,686.0584524949314,670.2263591104954,675.04296875,1801,0.0,0.0
IGARASHI.NS,2018-05-21 00:00:00+05:30,661.7658431746743,678.1005581923152,653.4728304761486,662.8547973632812,3556,0.0,0.0
IGARASHI.NS,2018-05-22 00:00:00+05:30,663.5668190758745,682.7077751720137,649.6613233253889,666.6661987304688,21673,0.0,0.0
IGARASHI.NS,2018-05-23 00:00:00+05:30,657.5775183905794,665.9543020643448,643.3369401807696,652.9702758789062,5388,0.0,0.0
IGARASHI.NS,2018-05-24 00:00:00+05:30,651.5881515227037,698.623762659537,623.2327066550324,673.8284912109375,30977,0.0,0.0
IGARASHI.NS,2018-05-25 00:00:00+05:30,672.3624379169327,675.1686220799907,650.2477003659125,656.3208618164062,15973,0.0,0.0
IGARASHI.NS,2018-05-28 00:00:00+05:30,655.9020321111564,657.577434596825,648.3629507476617,654.561767578125,12794,0.0,0.0
IGARASHI.NS,2018-05-29 00:00:00+05:30,654.2268127564015,661.7659530236506,646.687729944667,655.0645141601562,12220,0.0,0.0
IGARASHI.NS,2018-05-30 00:00:00+05:30,655.0644290142093,661.0119358412612,645.8499445926734,648.3211059570312,47214,0.0,0.0
IGARASHI.NS,2018-05-31 00:00:00+05:30,653.5146857144915,653.5146857144915,643.3368456348801,644.3839721679688,3233,0.0,0.0
IGARASHI.NS,2018-06-01 00:00:00+05:30,643.3369439085305,657.5775222008562,636.6774479628182,656.5303955078125,10252,0.0,0.0
IGARASHI.NS,2018-06-04 00:00:00+05:30,656.7397886375437,665.870503131036,632.8240481519651,661.388916015625,9946,0.0,0.0
IGARASHI.NS,2018-06-05 00:00:00+05:30,648.5305478612069,648.5305478612069,620.9709214769986,629.7246704101562,51463,0.0,0.0
IGARASHI.NS,2018-06-06 00:00:00+05:30,629.7664846836147,636.6354623384917,615.693506340515,622.9393920898438,12035,0.0,0.0
IGARASHI.NS,2018-06-07 00:00:00+05:30,624.0703670142278,625.8294823458159,609.0340303797457,612.5103759765625,6460,0.0,0.0
IGARASHI.NS,2018-06-08 00:00:00+05:30,612.5522230739967,615.693545400733,603.547221642432,605.9764404296875,3612,0.0,0.0
IGARASHI.NS,2018-06-11 00:00:00+05:30,603.1702381772169,611.5051357968446,589.0134317782026,592.0709838867188,5669,0.0,0.0
IGARASHI.NS,2018-06-12 00:00:00+05:30,592.4898571457549,628.0911849048998,589.59984517692,609.2015380859375,28984,0.0,0.0
IGARASHI.NS,2018-06-13 00:00:00+05:30,608.1544180143253,624.9079841985575,595.1704501859508,613.0967407226562,22213,0.0,0.0
IGARASHI.NS,2018-06-14 00:00:00+05:30,600.2383759182792,636.5517504772561,600.2383759182792,619.3793334960938,33368,0.0,0.0
IGARASHI.NS,2018-06-15 00:00:00+05:30,619.0442295212603,627.4628974331035,610.6674466727695,620.8033447265625,27870,0.0,0.0
IGARASHI.NS,2018-06-18 00:00:00+05:30,618.6672979512849,620.4264132532631,605.6413872658037,607.6099853515625,2337,0.0,0.0
IGARASHI.NS,2018-06-19 00:00:00+05:30,607.2330131615878,607.2330131615878,593.1599759876838,601.1598510742188,15476,0.0,0.0
IGARASHI.NS,2018-06-20 00:00:00+05:30,595.9243116198907,604.5105198580308,594.7515872915693,597.80908203125,15684,0.0,0.0
IGARASHI.NS,2018-06-21 00:00:00+05:30,596.8038712345302,601.6204809787714,588.9715370383407,593.2855834960938,38467,0.0,0.0
IGARASHI.NS,2018-06-22 00:00:00+05:30,592.3642886522231,602.7096137266988,587.2963100628559,598.0604858398438,30016,0.0,0.0
IGARASHI.NS,2018-06-25 00:00:00+05:30,597.2646730422107,600.5734783823228,577.9980595655891,583.2335205078125,4545,0.0,0.0
IGARASHI.NS,2018-06-26 00:00:00+05:30,590.5631590198551,591.6939982139792,566.437995838353,567.4432373046875,7839,0.0,0.0
IGARASHI.NS,2018-06-27 00:00:00+05:30,567.9459074107389,582.1445421685182,560.406768124342,576.4901733398438,43953,0.0,0.0
IGARASHI.NS,2018-06-28 00:00:00+05:30,573.8933681652805,573.8933681652805,565.474700650729,567.9458618164062,60825,0.0,0.0
IGARASHI.NS,2018-06-29 00:00:00+05:30,568.1133703845313,577.9980154957558,568.0714853212548,575.3593139648438,23896,0.0,0.0
IGARASHI.NS,2018-07-02 00:00:00+05:30,574.2284803827777,579.6733662959741,555.3807188217817,557.4749145507812,3703,0.0,0.0
IGARASHI.NS,2018-07-03 00:00:00+05:30,559.1083960237247,590.563218228854,557.8099589995301,582.6052856445312,15712,0.0,0.0
IGARASHI.NS,2018-07-04 00:00:00+05:30,583.8617564116223,615.6097727831448,571.0871567485444,607.6937255859375,15433,0.0,0.0
IGARASHI.NS,2018-07-05 00:00:00+05:30,607.316777085387,623.9028030907267,591.4008546608794,619.0442504882812,10887,0.0,0.0
IGARASHI.NS,2018-07-06 00:00:00+05:30,617.9134050796871,642.4992483909804,612.2590363025481,636.4260864257812,8837,0.0,0.0
IGARASHI.NS,2018-07-09 00:00:00+05:30,636.4261423852189,658.4151710953474,636.4261423852189,654.6456298828125,4456,0.0,0.0
IGARASHI.NS,2018-07-10 00:00:00+05:30,652.6770054187305,658.8339372642308,637.5150149218946,640.0699462890625,2798,0.0,0.0
IGARASHI.NS,2018-07-11 00:00:00+05:30,641.4939668388771,662.6034634030598,635.8815409316271,645.7242431640625,2512,0.0,0.0
IGARASHI.NS,2018-07-12 00:00:00+05:30,638.1013997203984,647.6927917021924,627.420996119643,631.232421875,1117,0.0,0.0
IGARASHI.NS,2018-07-13 00:00:00+05:30,645.0123308499083,645.0123308499083,595.3798482896785,613.1805419921875,3540,0.0,0.0
IGARASHI.NS,2018-07-16 00:00:00+05:30,609.8297173270597,618.039016999661,595.5891986314091,597.05517578125,1214,0.0,0.0
IGARASHI.NS,2018-07-17 00:00:00+05:30,595.5892464333232,612.0915023148375,595.5892464333232,605.4320068359375,4593,0.0,0.0
IGARASHI.NS,2018-07-18 00:00:00+05:30,617.4945322947665,622.3949122822668,596.4688052966925,600.740966796875,2644,0.0,0.0
IGARASHI.NS,2018-07-19 00:00:00+05:30,596.5107066311725,605.5995356965755,594.7515913987895,603.4215698242188,15910,0.0,0.0
IGARASHI.NS,2018-07-20 00:00:00+05:30,604.7199599409455,617.1594794329342,599.7776372137317,610.8768920898438,2349,0.0,0.0
IGARASHI.NS,2018-07-23 00:00:00+05:30,607.7356199997893,649.200684485504,604.6780677659052,644.2583618164062,10672,0.0,0.0
IGARASHI.NS,2018-07-24 00:00:00+05:30,635.7977826534639,657.5774406113273,634.1224376079754,652.8445434570312,9802,0.0,0.0
IGARASHI.NS,2018-07-25 00:00:00+05:30,658.7501684283744,660.9281342358048,628.2587045798541,640.2374877929688,2554,0.0,0.0
IGARASHI.NS,2018-07-26 00:00:00+05:30,638.6879053341161,648.3630691786143,621.3898311539241,629.5571899414062,2322,0.0,0.0
IGARASHI.NS,2018-07-27 00:00:00+05:30,623.2325793360552,634.4574882875958,611.5051071133424,618.8766479492188,2398,0.0,0.0
IGARASHI.NS,2018-07-30 00:00:00+05:30,618.7511252670363,640.8239823517978,612.3428819961874,637.221923828125,1944,0.0,0.0
IGARASHI.NS,2018-07-31 00:00:00+05:30,630.771678553037,666.7918549236194,630.771678553037,656.2789916992188,5506,0.0,0.0
IGARASHI.NS,2018-08-01 00:00:00+05:30,650.0383084396817,656.488435768635,641.2426750406087,646.1849975585938,2419,0.0,0.0
IGARASHI.NS,2018-08-02 00:00:00+05:30,645.0123440040942,646.1431833724884,633.2848123670767,636.8031005859375,1557,0.0,0.0
IGARASHI.NS,2018-08-03 00:00:00+05:30,643.3787289058464,654.1429023585309,643.3368438446394,649.1587524414062,2370,0.0,0.0
IGARASHI.NS,2018-08-06 00:00:00+05:30,649.1587700795419,663.3574040259826,629.9340435627043,649.9545288085938,26735,0.0,0.0
IGARASHI.NS,2018-08-07 00:00:00+05:30,662.8966652747633,668.467206174382,645.0122608356696,665.1165161132812,13552,0.0,0.0
IGARASHI.NS,2018-08-08 00:00:00+05:30,691.7547397723445,716.0055612383159,651.9231332297475,701.1786499023438,119831,0.0,0.0
IGARASHI.NS,2018-08-09 00:00:00+05:30,700.5921780958113,703.6078450768258,661.7658176302034,666.4986572265625,13917,0.0,0.0
IGARASHI.NS,2018-08-10 00:00:00+05:30,666.0798869921034,666.0798869921034,634.9600895156162,638.3527221679688,12871,0.0,0.0
IGARASHI.NS,2018-08-13 00:00:00+05:30,636.6773507064464,660.928111746749,630.3528788130986,644.3839721679688,6578,0.0,0.0
IGARASHI.NS,2018-08-14 00:00:00+05:30,656.6978688869084,656.7397539503636,634.5413023296155,636.635498046875,2014,0.0,0.0
IGARASHI.NS,2018-08-16 00:00:00+05:30,637.7244836786184,647.8184971914147,628.8450796103958,639.7767944335938,6887,0.0,0.0
IGARASHI.NS,2018-08-17 00:00:00+05:30,636.7611307520077,647.3158790925075,628.3424631167935,635.672119140625,4642,0.0,0.0
IGARASHI.NS,2018-08-20 00:00:00+05:30,635.6721235643731,644.1745613827096,629.5151917775263,631.232421875,2807,0.0,0.0
IGARASHI.NS,2018-08-21 00:00:00+05:30,636.6354996708302,636.6354996708302,622.5205779834225,626.7508544921875,2586,0.0,0.0
IGARASHI.NS,2018-08-23 00:00:00+05:30,630.1434943304936,639.9861971016762,620.0494811750884,622.646240234375,3871,0.0,0.0
IGARASHI.NS,2018-08-24 00:00:00+05:30,620.7196651046414,634.9601865323311,619.9239062404215,628.3844604492188,3344,0.0,0.0
IGARASHI.NS,2018-08-27 00:00:00+05:30,624.6148332789344,634.7089047381143,620.9290622449453,629.1383056640625,6445,0.0,0.0
IGARASHI.NS,2018-08-28 00:00:00+05:30,626.4158836749817,633.2848048499384,621.1384801370893,627.6304931640625,2019,0.0,0.0
IGARASHI.NS,2018-08-29 00:00:00+05:30,626.5833113355224,631.6094040286864,620.7614598938692,623.3582763671875,5508,0.0,0.0
IGARASHI.NS,2018-08-30 00:00:00+05:30,622.5624195660982,633.0752825084301,620.7195343535801,626.5414428710938,2480,0.0,0.0
IGARASHI.NS,2018-08-31 00:00:00+05:30,624.1540679414633,631.2742986110518,612.3427678152644,616.6149291992188,4836,0.0,0.0
IGARASHI.NS,2018-09-03 00:00:00+05:30,617.3689376139135,628.2587677459453,613.2224308959005,614.1857299804688,4301,0.0,0.0
IGARASHI.NS,2018-09-04 00:00:00+05:30,616.3636996025518,619.0024013809109,611.5470892405915,611.630859375,2556,0.0,0.0
IGARASHI.NS,2018-09-05 00:00:00+05:30,617.2432338607842,617.2432338607842,603.1283695941308,605.3063354492188,1649,0.0,0.0
IGARASHI.NS,2018-09-06 00:00:00+05:30,619.8819236289904,628.1749362549959,609.9135084882327,624.4053955078125,5984,0.0,0.0
IGARASHI.NS,2018-09-07 00:00:00+05:30,628.2587253486022,634.0386918324879,617.7877465927921,625.3687133789062,5744,0.0,0.0
IGARASHI.NS,2018-09-10 00:00:00+05:30,620.5520462772678,620.5520462772678,600.0708244591443,601.2017211914062,6702,0.0,0.0
IGARASHI.NS,2018-09-11 00:00:00+05:30,603.2540309782885,623.6514826376196,596.8876736023271,604.0916748046875,5046,0.0,0.0
IGARASHI.NS,2018-09-12 00:00:00+05:30,598.1442661768322,631.6095185897926,598.1442661768322,627.2954711914062,9039,0.0,0.0
IGARASHI.NS,2018-09-14 00:00:00+05:30,631.6093887892738,646.6876090494549,631.6093887892738,641.9547119140625,13503,0.0,0.0
IGARASHI.NS,2018-09-17 00:00:00+05:30,652.3838466260528,670.1426545502788,642.5411436239979,656.9910888671875,18163,0.0,0.0
IGARASHI.NS,2018-09-18 00:00:00+05:30,651.7136736077299,661.682089077139,637.640694208367,646.8132934570312,6036,0.0,0.0
IGARASHI.NS,2018-09-19 00:00:00+05:30,647.0645667231474,653.3890386955283,638.9809796086976,648.4467163085938,9832,0.0,0.0
IGARASHI.NS,2018-09-21 00:00:00+05:30,634.9600724731342,643.6719355337593,596.5106772706682,604.0078735351562,22885,0.0,0.0
IGARASHI.NS,2018-09-24 00:00:00+05:30,603.1283579240952,615.6935320475138,598.1022652925259,600.740966796875,6005,0.0,0.0
IGARASHI.NS,2018-09-25 00:00:00+05:30,603.1283699984559,610.625566577541,571.3384684877963,595.254150390625,26584,0.0,0.0
IGARASHI.NS,2018-09-26 00:00:00+05:30,596.426911383152,602.2068776048316,577.2021849176163,589.013427734375,17320,0.0,0.0
IGARASHI.NS,2018-09-27 00:00:00+05:30,649.1085832552386,660.8284149255755,623.1743741890755,648.0731201171875,10071,0.0,1.1237623762376239
IGARASHI.NS,2018-09-28 00:00:00+05:30,643.6958576965302,658.8987006368803,605.2887450828422,639.4597778320312,11191,0.0,0.0
IGARASHI.NS,2018-10-01 00:00:00+05:30,621.2916542798039,637.8123526865977,607.1713894098084,613.431396484375,3194,0.0,0.0
IGARASHI.NS,2018-10-03 00:00:00+05:30,619.926652113099,619.926652113099,599.9229445713949,603.5471801757812,3710,0.0,0.0
IGARASHI.NS,2018-10-04 00:00:00+05:30,594.2278570943065,607.171434179529,573.2827959927646,579.8722534179688,4222,0.0,0.0
IGARASHI.NS,2018-10-05 00:00:00+05:30,578.9308858476774,608.1127678985359,557.4680937658893,594.1337280273438,8449,0.0,0.0
IGARASHI.NS,2018-10-08 00:00:00+05:30,547.8662410986328,593.0040296699383,547.8662410986328,588.9091186523438,10735,0.0,0.0
IGARASHI.NS,2018-10-09 00:00:00+05:30,591.4508825123677,602.2293640597165,570.5528766764031,593.8042602539062,9462,0.0,0.0
IGARASHI.NS,2018-10-10 00:00:00+05:30,587.9208019444172,605.2887407558063,584.6731292470827,590.4154052734375,3561,0.0,0.0
IGARASHI.NS,2018-10-11 00:00:00+05:30,583.6847400558004,611.6428793123135,572.953371952485,605.3358154296875,11034,0.0,0.0
IGARASHI.NS,2018-10-12 00:00:00+05:30,599.5935047844538,610.5131529258932,581.9431743044312,604.7709350585938,18057,0.0,0.0
IGARASHI.NS,2018-10-15 00:00:00+05:30,595.1691620444616,604.8650657278296,591.4508141515013,596.7694702148438,1105,0.0,0.0
IGARASHI.NS,2018-10-16 00:00:00+05:30,591.1683842162188,605.806379690982,588.2972753699632,590.9801025390625,2282,0.0,0.0
IGARASHI.NS,2018-10-17 00:00:00+05:30,593.8041692203903,606.4653510199397,585.9909678073923,591.2154541015625,2256,0.0,0.0
IGARASHI.NS,2018-10-19 00:00:00+05:30,589.8033745360652,597.7107448051977,564.8105204952499,584.0611572265625,4733,0.0,0.0
IGARASHI.NS,2018-10-22 00:00:00+05:30,589.2387342343861,597.663838094771,573.0945398406514,592.8158569335938,6189,0.0,0.0
IGARASHI.NS,2018-10-23 00:00:00+05:30,585.8028231886358,587.2148499474653,569.75279718771,577.8955078125,8563,0.0,0.0
IGARASHI.NS,2018-10-24 00:00:00+05:30,577.9424179007802,579.872175825984,570.788116323133,575.4478149414062,3280,0.0,0.0
IGARASHI.NS,2018-10-25 00:00:00+05:30,578.9307738154188,578.9307738154188,566.2695933685188,576.6715087890625,4186,0.0,0.0
IGARASHI.NS,2018-10-26 00:00:00+05:30,570.5528435588502,572.388489581803,548.5252636499397,557.8446044921875,8355,0.0,0.0
IGARASHI.NS,2018-10-29 00:00:00+05:30,557.4210798622987,569.5644746446756,544.5245582314391,565.7520141601562,10730,0.0,0.0
IGARASHI.NS,2018-10-30 00:00:00+05:30,566.5521191966718,570.0351296510734,550.6903766297953,553.9380493164062,3174,0.0,0.0
IGARASHI.NS,2018-10-31 00:00:00+05:30,557.1385682747866,567.6346549429151,548.0545655669969,563.6809692382812,6356,0.0,0.0
IGARASHI.NS,2018-11-01 00:00:00+05:30,557.2327865782738,571.5413345696293,556.4326036822558,565.563720703125,1606,0.0,0.0
IGARASHI.NS,2018-11-02 00:00:00+05:30,568.6230465668201,582.5079734873638,559.1624807323981,579.0249633789062,10771,0.0,0.0
IGARASHI.NS,2018-11-05 00:00:00+05:30,577.0953092915612,587.2618901900722,570.8824147023363,581.84912109375,5032,0.0,0.0
IGARASHI.NS,2018-11-06 00:00:00+05:30,579.8722222222223,583.6846823220301,573.0944834583937,582.4609375,2472,0.0,0.0
IGARASHI.NS,2018-11-07 00:00:00+05:30,579.9192803185981,592.1568434928957,569.5173631115463,582.5079956054688,2018,0.0,0.0
IGARASHI.NS,2018-11-09 00:00:00+05:30,577.048106691858,592.862790457566,577.048106691858,582.413818359375,2064,0.0,0.0
IGARASHI.NS,2018-11-12 00:00:00+05:30,583.5905559115969,583.6376119698484,571.6353868849845,578.0836181640625,4218,0.0,0.0
IGARASHI.NS,2018-11-13 00:00:00+05:30,577.2834788836632,582.6962469286384,564.1516214399704,578.8367309570312,9714,0.0,0.0
IGARASHI.NS,2018-11-14 00:00:00+05:30,577.6129581728883,578.9308725723286,574.2241175107649,577.2835083007812,1293,0.0,0.0
IGARASHI.NS,2018-11-15 00:00:00+05:30,576.0598222002633,578.0836926097483,568.576069398371,572.0120239257812,5264,0.0,0.0
IGARASHI.NS,2018-11-16 00:00:00+05:30,570.4587443211925,575.118443575314,563.9633990026584,570.5528564453125,2088,0.0,0.0
IGARASHI.NS,2018-11-19 00:00:00+05:30,577.9895408100386,577.9895408100386,565.7519772423993,573.4240112304688,2183,0.0,0.0
IGARASHI.NS,2018-11-20 00:00:00+05:30,570.505831865377,574.0829546119688,560.6216451559586,567.9641723632812,1293,0.0,0.0
IGARASHI.NS,2018-11-21 00:00:00+05:30,566.3639035916831,571.3059967907186,557.9858559482566,563.4927368164062,4242,0.0,0.0
IGARASHI.NS,2018-11-22 00:00:00+05:30,569.4233023424091,569.4233023424091,560.1039034870586,565.6578979492188,15833,0.0,0.0
IGARASHI.NS,2018-11-26 00:00:00+05:30,565.7048908669981,565.7048908669981,550.6903310340291,562.5513305664062,10390,0.0,0.0
IGARASHI.NS,2018-11-27 00:00:00+05:30,557.4210091101071,561.9865384081052,552.808366298425,558.3152465820312,2978,0.0,0.0
IGARASHI.NS,2018-11-28 00:00:00+05:30,557.7974792811186,559.1153935587053,551.2080228041875,556.6678466796875,2787,0.0,0.0
IGARASHI.NS,2018-11-29 00:00:00+05:30,553.561481767281,554.455776769301,547.0661938981278,551.77294921875,4365,0.0,0.0
IGARASHI.NS,2018-11-30 00:00:00+05:30,550.4550507777445,563.6339660592981,546.9249841844713,557.2798461914062,11580,0.0,0.0
IGARASHI.NS,2018-12-03 00:00:00+05:30,552.2906185676057,552.2906185676057,536.334708337888,543.4889526367188,7478,0.0,0.0
IGARASHI.NS,2018-12-04 00:00:00+05:30,539.2057840383377,543.583088705614,531.0160197170945,535.628662109375,2609,0.0,0.0
IGARASHI.NS,2018-12-05 00:00:00+05:30,535.6757910892308,564.8106169022043,518.7785286424718,557.6563720703125,27637,0.0,0.0
IGARASHI.NS,2018-12-06 00:00:00+05:30,564.2929551533174,564.8106867917737,526.2152898610025,556.7621459960938,28884,0.0,0.0
IGARASHI.NS,2018-12-07 00:00:00+05:30,552.7613228714081,555.3970942002403,536.2406241875699,552.2435913085938,10534,0.0,0.0
IGARASHI.NS,2018-12-10 00:00:00+05:30,549.7019156640739,551.2080542482337,531.063177771452,533.2753295898438,13454,0.0,0.0
IGARASHI.NS,2018-12-11 00:00:00+05:30,543.1596011943993,543.1596011943993,529.2276159824221,539.958984375,7143,0.0,0.0
IGARASHI.NS,2018-12-12 00:00:00+05:30,536.8995428515859,564.1516669593057,519.6728303052397,523.4852905273438,34393,0.0,0.0
IGARASHI.NS,2018-12-13 00:00:00+05:30,524.4265403218665,537.5113402380564,524.3794842700379,535.2520751953125,15986,0.0,0.0
IGARASHI.NS,2018-12-14 00:00:00+05:30,537.4172849218241,551.5375492922819,531.0160524428144,543.4889526367188,25003,0.0,0.0
IGARASHI.NS,2018-12-17 00:00:00+05:30,547.018959872457,547.5838048598021,532.8045849178026,539.3469848632812,5504,0.0,0.0
IGARASHI.NS,2018-12-18 00:00:00+05:30,530.4042754716481,538.3587035580747,529.3687548143354,534.2167358398438,6815,0.0,0.0
IGARASHI.NS,2018-12-19 00:00:00+05:30,534.216653208927,538.8763518073122,531.9103319374535,534.8756103515625,2198,0.0,0.0
IGARASHI.NS,2018-12-20 00:00:00+05:30,535.5816489227776,535.6287049804449,531.6750193928277,533.228271484375,2320,0.0,0.0
IGARASHI.NS,2018-12-21 00:00:00+05:30,534.3579872305088,534.8757188563561,521.9321409326105,528.4274291992188,3226,0.0,0.0
IGARASHI.NS,2018-12-24 00:00:00+05:30,528.4745172561921,535.6287624543984,521.9321157843202,534.2167358398438,5690,0.0,0.0
IGARASHI.NS,2018-12-26 00:00:00+05:30,544.1008916416824,544.1008916416824,525.697490621374,529.5570068359375,4816,0.0,0.0
IGARASHI.NS,2018-12-27 00:00:00+05:30,528.1920737971151,535.6287703928583,521.9321235197846,533.3224487304688,6908,0.0,0.0
IGARASHI.NS,2018-12-28 00:00:00+05:30,543.9596544985773,543.9596544985773,515.4837866370326,535.5816650390625,30176,0.0,0.0
IGARASHI.NS,2018-12-31 00:00:00+05:30,543.9596863856616,543.9596863856616,528.0979440259105,535.06396484375,17058,0.0,0.0
IGARASHI.NS,2019-01-01 00:00:00+05:30,530.9690926430653,535.3934544389824,526.5447308471482,532.6635131835938,6236,0.0,0.0
IGARASHI.NS,2019-01-02 00:00:00+05:30,534.0754145648217,535.1109350367145,527.1094523203143,529.4628295898438,5083,0.0,0.0
IGARASHI.NS,2019-01-03 00:00:00+05:30,530.7336519916335,534.640281400676,521.5084242097101,528.8038940429688,3722,0.0,0.0
IGARASHI.NS,2019-01-04 00:00:00+05:30,530.545322465563,530.545322465563,525.4620622876583,526.9682006835938,1301,0.0,0.0
IGARASHI.NS,2019-01-07 00:00:00+05:30,537.4643485265725,537.4643485265725,514.1659119881226,518.6373291015625,4811,0.0,0.0
IGARASHI.NS,2019-01-08 00:00:00+05:30,521.4143834204534,528.0508970080473,511.15363372083306,515.4838256835938,4608,0.0,0.0
IGARASHI.NS,2019-01-09 00:00:00+05:30,525.2268318847075,531.0632199085458,513.3657741351957,517.3665161132812,17793,0.0,0.0
IGARASHI.NS,2019-01-10 00:00:00+05:30,515.3896939348627,523.7677411655047,514.9190184152875,516.1898193359375,1280,0.0,0.0
IGARASHI.NS,2019-01-11 00:00:00+05:30,519.9081674316832,519.9081674316832,511.15361425868576,516.1898193359375,5124,0.0,0.0
IGARASHI.NS,2019-01-14 00:00:00+05:30,514.7307179617708,517.7430526683971,504.18757521633137,508.56488037109375,1559,0.0,0.0
IGARASHI.NS,2019-01-15 00:00:00+05:30,510.7770411473031,510.7770411473031,502.6814453467676,509.2238464355469,8373,0.0,0.0
IGARASHI.NS,2019-01-16 00:00:00+05:30,507.34113049795684,508.329537552096,500.1397724004334,501.17529296875,4079,0.0,0.0
IGARASHI.NS,2019-01-17 00:00:00+05:30,499.4808448381111,508.329567702544,492.79727535607736,503.7640380859375,17556,0.0,0.0
IGARASHI.NS,2019-01-18 00:00:00+05:30,508.32958335902003,508.32958335902003,493.173853948483,496.7509765625,7997,0.0,0.0
IGARASHI.NS,2019-01-21 00:00:00+05:30,492.98552880143296,508.32953856707894,483.61907488673484,499.6690979003906,5710,0.0,0.0
IGARASHI.NS,2019-01-22 00:00:00+05:30,502.1637072022904,505.505491792874,492.4206897866103,502.8697204589844,3801,0.0,0.0
IGARASHI.NS,2019-01-23 00:00:00+05:30,506.4468491332166,506.4468491332166,493.8327224737182,505.0818786621094,4982,0.0,0.0
IGARASHI.NS,2019-01-24 00:00:00+05:30,503.95219738869895,503.95219738869895,490.58506014722184,494.3504638671875,5446,0.0,0.0
IGARASHI.NS,2019-01-25 00:00:00+05:30,494.63286562254285,503.38741792137944,487.24322622977866,488.7964782714844,3194,0.0,0.0
IGARASHI.NS,2019-01-28 00:00:00+05:30,488.7965904775024,494.2093596546726,481.07749946417397,487.5728454589844,4659,0.0,0.0
IGARASHI.NS,2019-01-29 00:00:00+05:30,485.12522553491715,494.021004171622,478.44165627015843,487.3844909667969,4520,0.0,0.0
IGARASHI.NS,2019-01-30 00:00:00+05:30,493.0326106531218,503.4345282268736,476.37068563732277,484.4663391113281,7103,0.0,0.0
IGARASHI.NS,2019-01-31 00:00:00+05:30,480.13604521132817,502.5401865474363,473.49953244058753,490.49090576171875,11347,0.0,0.0
IGARASHI.NS,2019-02-01 00:00:00+05:30,482.0188402538799,487.52577890199177,471.3815838517724,476.4648742675781,9760,0.0,0.0
IGARASHI.NS,2019-02-04 00:00:00+05:30,473.40543769728527,480.84210525298397,468.2280069179343,471.5227355957031,13517,0.0,0.0
IGARASHI.NS,2019-02-05 00:00:00+05:30,467.99265412263236,475.3822653795282,456.36696327324574,459.80291748046875,7591,0.0,0.0
IGARASHI.NS,2019-02-06 00:00:00+05:30,466.7689532217393,469.87540039085957,449.0244790685524,454.2960510253906,7139,0.0,0.0
IGARASHI.NS,2019-02-07 00:00:00+05:30,459.5204962205241,465.96875647486837,443.37633191851114,452.55450439453125,9287,0.0,0.0
IGARASHI.NS,2019-02-08 00:00:00+05:30,455.84925923070807,455.84925923070807,435.8455488359687,443.0939636230469,7647,0.0,0.0
IGARASHI.NS,2019-02-11 00:00:00+05:30,442.4820552332062,447.09469841953523,423.84331569539347,436.2220764160156,6999,0.0,0.0
IGARASHI.NS,2019-02-12 00:00:00+05:30,441.30540392183065,443.2822470657762,395.41453574482443,406.098876953125,33397,0.0,0.0
IGARASHI.NS,2019-02-14 00:00:00+05:30,378.423115389396,393.67301362007015,362.9849641887127,389.6722717285156,11299,0.0,0.0
IGARASHI.NS,2019-02-15 00:00:00+05:30,386.89526866072,389.1074493000728,367.1268972692963,369.80975341796875,15353,0.0,0.0
IGARASHI.NS,2019-02-18 00:00:00+05:30,362.4201308580745,376.5403956967008,361.6199767716686,371.69244384765625,8472,0.0,0.0
IGARASHI.NS,2019-02-19 00:00:00+05:30,376.4933556268549,382.5179964682996,366.985704486202,370.9393615722656,8630,0.0,0.0
IGARASHI.NS,2019-02-20 00:00:00+05:30,370.2333533518763,375.5990657827312,363.73803690719944,372.58673095703125,7194,0.0,0.0
IGARASHI.NS,2019-02-21 00:00:00+05:30,372.77499669405796,378.423102704574,362.4201356747786,371.2688293457031,5871,0.0,0.0
IGARASHI.NS,2019-02-22 00:00:00+05:30,371.8336324144403,376.4462464127653,362.7025165324027,368.44476318359375,13321,0.0,0.0
IGARASHI.NS,2019-02-25 00:00:00+05:30,371.8336553534323,376.35212878814474,365.8560705914403,370.37457275390625,4633,0.0,0.0
IGARASHI.NS,2019-02-26 00:00:00+05:30,367.1739777796501,369.1037647330191,363.40857345435074,367.6446533203125,44192,0.0,0.0
IGARASHI.NS,2019-02-27 00:00:00+05:30,369.15079970314474,369.6214752169133,348.39402103705186,354.7951965332031,21946,0.0,0.0
IGARASHI.NS,2019-02-28 00:00:00+05:30,355.83070844265353,365.19716318509,353.0066552010452,361.3846740722656,5953,0.0,0.0
IGARASHI.NS,2019-03-01 00:00:00+05:30,359.59608170051933,407.2284480064004,359.54902564165957,379.552734375,86473,0.0,0.0
IGARASHI.NS,2019-03-05 00:00:00+05:30,384.73021292815525,398.66219796572506,377.4817978376759,382.470947265625,88357,0.0,0.0
IGARASHI.NS,2019-03-06 00:00:00+05:30,385.9539234108989,390.56653772562476,383.1298703127704,385.5303039550781,62696,0.0,0.0
IGARASHI.NS,2019-03-07 00:00:00+05:30,389.5310376778513,389.5310376778513,372.775001138002,375.5049133300781,24656,0.0,0.0
IGARASHI.NS,2019-03-08 00:00:00+05:30,376.54038695533905,380.21164998260326,369.0095792162322,373.1044616699219,10105,0.0,0.0
IGARASHI.NS,2019-03-11 00:00:00+05:30,378.42309020745773,383.12984506078436,371.8806894702331,381.4354248046875,37268,0.0,0.0
IGARASHI.NS,2019-03-12 00:00:00+05:30,385.01256751358704,385.01256751358704,373.90463695906413,378.1407165527344,141460,0.0,0.0
IGARASHI.NS,2019-03-13 00:00:00+05:30,380.35285118140547,381.34128694498685,371.9277771646996,374.23406982421875,15934,0.0,0.0
IGARASHI.NS,2019-03-14 00:00:00+05:30,380.77650199911176,380.77650199911176,362.70255024006696,365.3854064941406,19145,0.0,0.0
IGARASHI.NS,2019-03-15 00:00:00+05:30,369.4802843777195,369.4802843777195,351.3122207389103,353.8538513183594,18124,0.0,0.0
IGARASHI.NS,2019-03-18 00:00:00+05:30,357.9016656200307,358.0899185854457,349.2412248338581,350.5120544433594,8765,0.0,0.0
IGARASHI.NS,2019-03-19 00:00:00+05:30,350.5120336810583,362.1377237155935,348.29985319225995,355.3599853515625,36586,0.0,0.0
IGARASHI.NS,2019-03-20 00:00:00+05:30,355.8307131248754,359.17249801364966,353.0066598461065,354.7010803222656,15207,0.0,0.0
IGARASHI.NS,2019-03-22 00:00:00+05:30,354.88933375455684,357.52510511362203,345.9464990843492,349.0058898925781,14895,0.0,0.0
IGARASHI.NS,2019-03-25 00:00:00+05:30,342.7459192183188,351.1239377240936,337.1919538309684,338.2274169921875,16890,0.0,0.0
IGARASHI.NS,2019-03-26 00:00:00+05:30,343.5930738589427,343.5930738589427,330.4612174902204,332.10858154296875,27354,0.0,0.0
IGARASHI.NS,2019-03-27 00:00:00+05:30,334.1325469379029,334.1325469379029,324.95437474292805,328.0608215332031,40425,0.0,0.0
IGARASHI.NS,2019-03-28 00:00:00+05:30,334.65031470678133,334.65031470678133,325.7545353563849,327.6372375488281,51327,0.0,0.0
IGARASHI.NS,2019-04-01 00:00:00+05:30,329.4257766856496,351.0297637673727,328.1078623724803,336.6271057128906,140227,0.0,0.0
IGARASHI.NS,2019-04-02 00:00:00+05:30,343.12244083251886,347.26437950305353,334.5090848946193,338.50982666015625,75142,0.0,0.0
IGARASHI.NS,2019-04-03 00:00:00+05:30,341.09852871822284,341.09852871822284,327.684277435318,329.9905700683594,30745,0.0,0.0
IGARASHI.NS,2019-04-04 00:00:00+05:30,332.2968805538145,332.95583770040395,314.5053536011576,330.3200378417969,50607,0.0,0.0
IGARASHI.NS,2019-04-05 00:00:00+05:30,336.90951966938485,336.90951966938485,321.6596505922005,324.48370361328125,39172,0.0,0.0
IGARASHI.NS,2019-04-08 00:00:00+05:30,328.1549887548388,329.5199305697162,323.2599516996282,324.8602600097656,17052,0.0,0.0
IGARASHI.NS,2019-04-09 00:00:00+05:30,327.1195018440268,328.5315284706916,321.8950148164689,324.4366455078125,11179,0.0,0.0
IGARASHI.NS,2019-04-10 00:00:00+05:30,327.87252988027876,327.87252988027876,316.10564280838025,321.1418762207031,43173,0.0,0.0
IGARASHI.NS,2019-04-11 00:00:00+05:30,324.7190747135081,324.7190747135081,315.5409014524023,316.71759033203125,22843,0.0,0.0
IGARASHI.NS,2019-04-12 00:00:00+05:30,316.90583948206296,327.3548423523029,314.6936586695732,316.6705017089844,48217,0.0,0.0
IGARASHI.NS,2019-04-15 00:00:00+05:30,319.7769666007639,319.9652195761275,315.4467459788384,316.9999694824219,14230,0.0,0.0
IGARASHI.NS,2019-04-16 00:00:00+05:30,320.01228156415385,325.707443580751,315.6349764644649,317.1411437988281,50534,0.0,0.0
IGARASHI.NS,2019-04-18 00:00:00+05:30,317.376539824682,317.376539824682,306.9275361380669,312.38739013671875,34174,0.0,0.0
IGARASHI.NS,2019-04-22 00:00:00+05:30,318.08251696731895,318.08251696731895,306.1744318211332,309.7044982910156,21383,0.0,0.0
IGARASHI.NS,2019-04-23 00:00:00+05:30,309.7515492423421,311.1635758069984,302.92675417983645,307.0216369628906,19185,0.0,0.0
IGARASHI.NS,2019-04-24 00:00:00+05:30,304.9977241477675,308.52779039947774,302.97382524233745,305.75079345703125,12419,0.0,0.0
IGARASHI.NS,2019-04-25 00:00:00+05:30,307.7747315510151,307.7747315510151,301.32647123317383,302.267822265625,16759,0.0,0.0
IGARASHI.NS,2019-04-26 00:00:00+05:30,301.3264436674574,310.64581229062594,298.408249988268,301.797119140625,15687,0.0,0.0
IGARASHI.NS,2019-04-30 00:00:00+05:30,302.173637747492,305.93904133313055,286.26481334371914,292.1953125,28429,0.0,0.0
IGARASHI.NS,2019-05-02 00:00:00+05:30,292.19533891900375,292.19533891900375,275.06276829194724,278.59283447265625,20980,0.0,0.0
IGARASHI.NS,2019-05-03 00:00:00+05:30,278.63991024751886,279.5812612956523,261.78973223147983,264.89617919921875,67338,0.0,0.0
IGARASHI.NS,2019-05-06 00:00:00+05:30,260.7542186987651,278.1692116443505,259.5304739288247,274.9215393066406,35905,0.0,0.0
IGARASHI.NS,2019-05-07 00:00:00+05:30,271.5327454556479,287.11209519565364,265.461019164506,269.4617614746094,61908,0.0,0.0
IGARASHI.NS,2019-05-08 00:00:00+05:30,263.62535540825496,275.3451877095586,259.342219534986,266.02581787109375,17976,0.0,0.0
IGARASHI.NS,2019-05-09 00:00:00+05:30,263.578278220807,266.4493872603255,259.81287424622406,260.98956298828125,10737,0.0,0.0
IGARASHI.NS,2019-05-10 00:00:00+05:30,260.98956099963607,266.11993536701476,249.12853282452596,250.3052215576172,17340,0.0,0.0
IGARASHI.NS,2019-05-13 00:00:00+05:30,248.516657292673,253.41169385165975,242.3978759578155,245.83380126953125,13782,0.0,0.0
IGARASHI.NS,2019-05-14 00:00:00+05:30,242.4449274006137,248.79904635817175,239.43262157590368,241.59771728515625,11562,0.0,0.0
IGARASHI.NS,2019-05-15 00:00:00+05:30,246.44566980696297,246.44566980696297,237.73818779189642,241.07998657226562,11530,0.0,0.0
IGARASHI.NS,2019-05-16 00:00:00+05:30,238.25594573316363,243.38629148715782,233.54919069587376,239.4796905517578,12388,0.0,0.0
IGARASHI.NS,2019-05-17 00:00:00+05:30,237.22045753259724,242.30374730560223,233.64332077639386,237.45579528808594,22024,0.0,0.0
IGARASHI.NS,2019-05-20 00:00:00+05:30,241.97425356289165,280.24019319339004,241.97425356289165,245.26898193359375,61249,0.0,0.0
IGARASHI.NS,2019-05-21 00:00:00+05:30,248.98732903571812,252.18791655565533,240.56224081257767,242.115478515625,8069,0.0,0.0
IGARASHI.NS,2019-05-22 00:00:00+05:30,242.1625560674545,246.39863576542746,237.31460393643624,244.32765197753906,28299,0.0,0.0
IGARASHI.NS,2019-05-23 00:00:00+05:30,253.8823837377823,253.8823837377823,234.39640596745846,238.25595092773438,15200,0.0,0.0
IGARASHI.NS,2019-05-24 00:00:00+05:30,240.04451282764293,246.6339700425194,235.90257403812845,240.09158325195312,18696,0.0,0.0
IGARASHI.NS,2019-05-27 00:00:00+05:30,241.07998327656514,271.1090727408524,240.98584243631325,252.70567321777344,61382,0.0,0.0
IGARASHI.NS,2019-05-28 00:00:00+05:30,256.9417795122254,260.94252145796554,254.30597934661472,257.6007080078125,29623,0.0,0.0
IGARASHI.NS,2019-05-29 00:00:00+05:30,257.93018756498213,258.2125813887326,248.61081792041134,251.1053924560547,19216,0.0,0.0
IGARASHI.NS,2019-05-30 00:00:00+05:30,253.03513345613723,253.08221824207192,240.18569824733575,242.4920196533203,22741,0.0,0.0
IGARASHI.NS,2019-05-31 00:00:00+05:30,241.97426505047963,249.3168201475645,232.93730399442632,236.60858154296875,18487,0.0,0.0
IGARASHI.NS,2019-06-03 00:00:00+05:30,232.51369585602797,236.51443758634423,229.68964286992235,231.61941528320312,20231,0.0,0.0
IGARASHI.NS,2019-06-04 00:00:00+05:30,230.6310054967821,234.39640966815816,226.8656013254061,230.2544708251953,30285,0.0,0.0
IGARASHI.NS,2019-06-06 00:00:00+05:30,230.4898041206447,232.7961112581572,217.4520866842831,220.04080200195312,16623,0.0,0.0
IGARASHI.NS,2019-06-07 00:00:00+05:30,218.48757351035354,223.4767223344332,214.72216949889636,218.9111785888672,14411,0.0,0.0
IGARASHI.NS,2019-06-10 00:00:00+05:30,217.45208198207615,221.07628909399466,202.86114141617927,205.4027862548828,20063,0.0,0.0
IGARASHI.NS,2019-06-11 00:00:00+05:30,201.16670203175616,203.3318121636817,193.918302341289,196.224609375,35927,0.0,0.0
IGARASHI.NS,2019-06-12 00:00:00+05:30,192.9769494398585,195.84807277990961,183.5634397110849,187.093505859375,62851,0.0,0.0
IGARASHI.NS,2019-06-13 00:00:00+05:30,183.84582974039293,188.92911874694317,175.561939123455,176.40914916992188,40161,0.0,0.0
IGARASHI.NS,2019-06-14 00:00:00+05:30,177.49173842990788,179.23322920580458,165.9601883870817,171.1376190185547,62147,0.0,0.0
IGARASHI.NS,2019-06-17 00:00:00+05:30,170.38452672240135,177.82119369014913,168.360627868763,172.5496368408203,42948,0.0,0.0
IGARASHI.NS,2019-06-18 00:00:00+05:30,171.0434723965094,206.1558672755825,168.17234899775002,172.07896423339844,350144,0.0,0.0
IGARASHI.NS,2019-06-19 00:00:00+05:30,171.56121215391696,175.0442078269278,162.80664536876085,167.5604705810547,83861,0.0,0.0
IGARASHI.NS,2019-06-20 00:00:00+05:30,169.44317574603448,182.52794857198342,161.53583329010328,172.5496368408203,178212,0.0,0.0
IGARASHI.NS,2019-06-21 00:00:00+05:30,171.42003807362096,177.39760883631163,169.4431950524579,171.84364318847656,45720,0.0,0.0
IGARASHI.NS,2019-06-24 00:00:00+05:30,171.0905440629119,202.29632393323774,169.81971446875102,189.2586212158203,449968,0.0,0.0
IGARASHI.NS,2019-06-25 00:00:00+05:30,185.63442520149266,227.10094205333255,185.63442520149266,223.28846740722656,1242147,0.0,0.0
IGARASHI.NS,2019-06-26 00:00:00+05:30,221.45283899046476,255.5768152429806,219.33479908513618,246.77517700195312,1384713,0.0,0.0
IGARASHI.NS,2019-06-27 00:00:00+05:30,247.10465857730142,259.7187573076964,242.20962146866805,248.37548828125,659370,0.0,0.0
IGARASHI.NS,2019-06-28 00:00:00+05:30,248.04600826047792,262.54280906980875,247.7636144290822,257.7419128417969,361016,0.0,0.0
IGARASHI.NS,2019-07-01 00:00:00+05:30,260.7542643960821,271.8621962980254,258.87156212607425,268.94403076171875,294290,0.0,0.0
IGARASHI.NS,2019-07-02 00:00:00+05:30,271.06201614874425,271.06201614874425,252.2820533017835,255.2943878173828,100591,0.0,0.0
IGARASHI.NS,2019-07-03 00:00:00+05:30,254.1647713290998,254.1647713290998,235.85549715613067,238.67955017089844,86848,0.0,0.0
IGARASHI.NS,2019-07-04 00:00:00+05:30,235.5260161839339,247.1046363005042,233.92572236447734,235.00827026367188,62627,0.0,0.0
IGARASHI.NS,2019-07-05 00:00:00+05:30,237.22044516509433,243.29217043125405,222.62950508549528,224.51220703125,54303,0.0,0.0
IGARASHI.NS,2019-07-08 00:00:00+05:30,224.8417111148768,225.73599176774857,208.03858859795267,209.59181213378906,29512,0.0,0.0
IGARASHI.NS,2019-07-09 00:00:00+05:30,207.61495277330863,214.72215524594327,207.0972068833252,212.1804962158203,34497,0.0,0.0
IGARASHI.NS,2019-07-10 00:00:00+05:30,212.27465667901762,212.27465667901762,201.59031677246094,201.59031677246094,16879,0.0,0.0
IGARASHI.NS,2019-07-11 00:00:00+05:30,198.6721280808609,206.15586553219975,191.5178548556542,202.71994018554688,41843,0.0,0.0
IGARASHI.NS,2019-07-12 00:00:00+05:30,198.62507835473716,205.1203950767107,195.80102510798733,201.2608642578125,17141,0.0,0.0
IGARASHI.NS,2019-07-15 00:00:00+05:30,205.8734654893311,208.03857571113636,197.82491138429234,203.89663696289062,18594,0.0,0.0
IGARASHI.NS,2019-07-16 00:00:00+05:30,202.4375406322402,214.06321716308594,202.39047020825365,214.06321716308594,42132,0.0,0.0
IGARASHI.NS,2019-07-17 00:00:00+05:30,215.6164564681615,224.74755859375,215.6164564681615,224.74755859375,19991,0.0,0.0
IGARASHI.NS,2019-07-18 00:00:00+05:30,229.68967315259655,235.94965235157304,213.54550719910262,215.4752655029297,48966,0.0,0.0
IGARASHI.NS,2019-07-19 00:00:00+05:30,219.33479479005553,225.83011129365224,207.19137198285222,209.21527099609375,18583,0.0,0.0
IGARASHI.NS,2019-07-22 00:00:00+05:30,209.21527478229015,214.3456352281355,201.87273358194724,207.19137573242188,8620,0.0,0.0
IGARASHI.NS,2019-07-23 00:00:00+05:30,204.13196814725183,209.92127099644637,204.13196814725183,205.8734588623047,5588,0.0,0.0
IGARASHI.NS,2019-07-24 00:00:00+05:30,207.0972291284019,213.68668641885102,201.63739021496863,203.1906280517578,8025,0.0,0.0
IGARASHI.NS,2019-07-25 00:00:00+05:30,203.9907597021428,209.6388657263676,202.48460671400872,204.88504028320312,8960,0.0,0.0
IGARASHI.NS,2019-07-26 00:00:00+05:30,206.90895423678612,206.90895423678612,200.55483493875576,202.29632568359375,11020,0.0,0.0
IGARASHI.NS,2019-07-29 00:00:00+05:30,204.27317297855228,205.02625667336838,192.223876953125,192.223876953125,8155,0.0,0.0
IGARASHI.NS,2019-07-30 00:00:00+05:30,198.68599289530076,200.61498311758524,187.11205156159392,187.4496307373047,13639,424.15378,0.0
IGARASHI.NS,2019-07-31 00:00:00+05:30,186.72624650925258,196.8052167812632,178.43158323942032,191.8380584716797,16524,0.0,0.0
IGARASHI.NS,2019-08-01 00:00:00+05:30,189.04105490486853,189.18572329477004,182.28958865826607,183.06118774414062,10510,0.0,0.0
IGARASHI.NS,2019-08-02 00:00:00+05:30,183.25407901701695,192.1756591796875,176.8401921382326,192.1756591796875,11719,0.0,0.0
IGARASHI.NS,2019-08-05 00:00:00+05:30,192.85079520744168,195.59961217067135,185.18306199031088,191.25938415527344,9650,0.0,0.0
IGARASHI.NS,2019-08-06 00:00:00+05:30,192.22387609610806,200.80787658691406,192.17564839777216,200.80787658691406,10805,0.0,0.0
IGARASHI.NS,2019-08-07 00:00:00+05:30,202.54396726209146,210.838630855826,200.8078731707253,203.17088317871094,17524,0.0,0.0
IGARASHI.NS,2019-08-08 00:00:00+05:30,202.83330768047827,211.8031143997027,202.54395622817563,206.30548095703125,7348,0.0,0.0
IGARASHI.NS,2019-08-09 00:00:00+05:30,216.04691592694994,216.04691592694994,205.4374691626801,207.12533569335938,8348,0.0,0.0
IGARASHI.NS,2019-08-13 00:00:00+05:30,210.83863977469238,211.9960309788873,202.54397583007812,202.54397583007812,3336,0.0,0.0
IGARASHI.NS,2019-08-14 00:00:00+05:30,203.50847011195157,204.087173070171,192.41677624329068,193.3812713623047,7069,0.0,0.0
IGARASHI.NS,2019-08-16 00:00:00+05:30,190.48778136031012,198.68598967201967,187.1120485260768,188.26943969726562,11657,0.0,0.0
IGARASHI.NS,2019-08-19 00:00:00+05:30,188.0765549726269,197.67327880859375,185.61708938727153,197.67327880859375,17095,0.0,0.0
IGARASHI.NS,2019-08-20 00:00:00+05:30,207.51109889757572,207.51109889757572,197.76970796798523,199.1199951171875,61202,0.0,0.0
IGARASHI.NS,2019-08-21 00:00:00+05:30,200.13272424197305,209.05430351541042,189.18569946289062,189.18569946289062,18009,0.0,0.0
IGARASHI.NS,2019-08-22 00:00:00+05:30,192.07919238579635,198.63776197873094,181.46974633508742,186.43690490722656,57598,0.0,0.0
IGARASHI.NS,2019-08-23 00:00:00+05:30,195.74427795410156,195.74427795410156,195.74427795410156,195.74427795410156,15077,0.0,0.0
IGARASHI.NS,2019-08-26 00:00:00+05:30,205.48568192155082,205.48568192155082,189.04103768935227,205.4374542236328,66507,0.0,0.0
IGARASHI.NS,2019-08-27 00:00:00+05:30,211.89957032030722,215.70932301819292,205.58212447805187,207.84869384765625,39853,0.0,0.0
IGARASHI.NS,2019-08-28 00:00:00+05:30,207.8486837496542,211.80311935049536,197.48036193847656,197.48036193847656,14843,0.0,0.0
IGARASHI.NS,2019-08-29 00:00:00+05:30,192.89902351221383,204.28006884283997,189.04104304196957,196.90167236328125,17921,0.0,0.0
IGARASHI.NS,2019-08-30 00:00:00+05:30,199.65049745016503,200.61499260692912,192.89903135281645,194.29754638671875,7152,0.0,0.0
IGARASHI.NS,2019-09-03 00:00:00+05:30,194.82800929483633,194.82800929483633,185.18305833964644,186.43690490722656,18001,0.0,0.0
IGARASHI.NS,2019-09-04 00:00:00+05:30,188.02830175293153,188.02830175293153,180.4570246541077,181.6626434326172,12231,0.0,0.0
IGARASHI.NS,2019-09-05 00:00:00+05:30,182.337778473539,190.7288818359375,182.337778473539,190.7288818359375,10341,0.0,0.0
IGARASHI.NS,2019-09-06 00:00:00+05:30,197.7214791105967,198.6859741306484,188.0765289100798,193.4777069091797,25218,0.0,0.0
IGARASHI.NS,2019-09-09 00:00:00+05:30,194.44222724082232,197.52860876335342,189.9573159835413,193.42950439453125,29624,0.0,0.0
IGARASHI.NS,2019-09-11 00:00:00+05:30,192.80256098997174,200.80787311335362,189.04103605727553,192.6096649169922,43724,0.0,0.0
IGARASHI.NS,2019-09-12 00:00:00+05:30,193.04370559614014,202.20640986337992,193.04370559614014,201.82061767578125,46300,0.0,0.0
IGARASHI.NS,2019-09-13 00:00:00+05:30,204.71408609529823,204.71408609529823,195.74427867280548,197.72149658203125,18023,0.0,0.0
IGARASHI.NS,2019-09-16 00:00:00+05:30,199.50582304898006,200.61498655900965,194.53866431117257,197.6250457763672,41325,0.0,0.0
IGARASHI.NS,2019-09-17 00:00:00+05:30,198.73422125094967,203.3638007431356,191.8863000524009,193.0919189453125,143200,0.0,0.0
IGARASHI.NS,2019-09-18 00:00:00+05:30,193.38126925535127,197.4803734664996,184.21856572454908,185.61708068847656,35963,0.0,0.0
IGARASHI.NS,2019-09-19 00:00:00+05:30,187.99234973566402,191.40679060589812,180.12428639950804,184.18203735351562,160361,424.15378,0.0
IGARASHI.NS,2019-09-20 00:00:00+05:30,186.35935226182536,193.38616943359375,184.37996459064618,193.38616943359375,55118,0.0,0.0
IGARASHI.NS,2019-09-23 00:00:00+05:30,202.93671910512037,203.03567942537083,190.07069955329112,202.54083251953125,84734,0.0,0.0
IGARASHI.NS,2019-09-24 00:00:00+05:30,198.13670398041262,203.87693127946062,197.93876823248604,198.78001403808594,16632,0.0,0.0
IGARASHI.NS,2019-09-25 00:00:00+05:30,198.82948625419513,198.82948625419513,190.02121712594789,190.5655517578125,13448,0.0,0.0
IGARASHI.NS,2019-09-26 00:00:00+05:30,197.39443922359953,200.06660965056625,189.03152904781126,198.4831085205078,50961,0.0,0.0
IGARASHI.NS,2019-09-27 00:00:00+05:30,197.88928085962647,203.23363667199024,192.99029935777352,193.58412170410156,20413,0.0,0.0
IGARASHI.NS,2019-09-30 00:00:00+05:30,192.49545550472521,196.80062983040426,184.72635267381975,187.05213928222656,22600,0.0,0.0
IGARASHI.NS,2019-10-01 00:00:00+05:30,188.1902671468795,190.8624524471728,180.12426884103792,182.05416870117188,22037,0.0,0.0
IGARASHI.NS,2019-10-03 00:00:00+05:30,182.25209966386237,184.87479718590808,179.1345703638867,180.1737518310547,10870,0.0,0.0
IGARASHI.NS,2019-10-04 00:00:00+05:30,181.707800470361,189.17997710343226,179.134590369197,188.53668212890625,89342,0.0,0.0
IGARASHI.NS,2019-10-07 00:00:00+05:30,190.07070353223824,197.9387664794922,189.97172810838674,197.9387664794922,45369,0.0,0.0
IGARASHI.NS,2019-10-09 00:00:00+05:30,203.87692184914297,207.73672161052977,193.18822583868797,195.66246032714844,67158,0.0,0.0
IGARASHI.NS,2019-10-10 00:00:00+05:30,193.03978447847507,196.3057771363711,190.07070298975677,191.45626831054688,10469,0.0,0.0
IGARASHI.NS,2019-10-11 00:00:00+05:30,193.13872174513784,193.13872174513784,183.88509460417504,189.17994689941406,55781,0.0,0.0
IGARASHI.NS,2019-10-14 00:00:00+05:30,194.4253400053057,216.79242546754514,187.05212436671195,203.28309631347656,129178,0.0,0.0
IGARASHI.NS,2019-10-15 00:00:00+05:30,206.5490993516732,209.81509201178517,195.8109303544405,199.02743530273438,50878,0.0,0.0
IGARASHI.NS,2019-10-16 00:00:00+05:30,205.7573322278315,208.82538900741451,199.57174606055028,201.74908447265625,43156,0.0,0.0
IGARASHI.NS,2019-10-17 00:00:00+05:30,203.87692817365348,242.0791159011731,201.15527015191782,205.31198120117188,543745,0.0,0.0
IGARASHI.NS,2019-10-18 00:00:00+05:30,206.7965211252002,222.38419882461022,205.50991613605416,215.0604705810547,187285,0.0,0.0
IGARASHI.NS,2019-10-22 00:00:00+05:30,216.6934691730701,222.68112008910538,210.8047936843531,213.62542724609375,77628,0.0,0.0
IGARASHI.NS,2019-10-23 00:00:00+05:30,209.9140721636274,222.6811168207378,209.9140721636274,214.31820678710938,216099,0.0,0.0
IGARASHI.NS,2019-10-24 00:00:00+05:30,216.4460425294512,234.26053187511022,212.88315372123722,214.31820678710938,193606,0.0,0.0
IGARASHI.NS,2019-10-25 00:00:00+05:30,216.6934559647696,224.462558388267,202.93671809173634,211.64602661132812,81266,0.0,0.0
IGARASHI.NS,2019-10-27 00:00:00+05:30,211.9429147355313,218.72232309842417,211.9429147355313,217.38623046875,16908,0.0,0.0
IGARASHI.NS,2019-10-29 00:00:00+05:30,218.72233987988693,222.68111526232832,215.60481030682618,217.58419799804688,82059,0.0,0.0
IGARASHI.NS,2019-10-30 00:00:00+05:30,220.7017172934574,227.629573890113,214.8130422066059,216.6439666748047,251319,0.0,0.0
IGARASHI.NS,2019-10-31 00:00:00+05:30,219.71202395803235,249.20490226639834,217.9305720948236,235.25021362304688,612754,0.0,0.0
IGARASHI.NS,2019-11-01 00:00:00+05:30,236.43785882351906,255.34101772685563,236.0914750309316,245.83995056152344,216916,0.0,0.0
IGARASHI.NS,2019-11-04 00:00:00+05:30,247.07705365231263,254.35130919720223,233.56773918497947,240.1986846923828,119323,0.0,0.0
IGARASHI.NS,2019-11-05 00:00:00+05:30,241.38630953539803,249.84819446703992,235.05227531489243,236.5863037109375,88356,0.0,0.0
IGARASHI.NS,2019-11-06 00:00:00+05:30,237.72444706885685,249.2049011570716,236.53681753251402,242.62342834472656,84400,0.0,0.0
IGARASHI.NS,2019-11-07 00:00:00+05:30,244.99871855602888,247.42346549759938,239.110043097492,241.5347900390625,48898,0.0,0.0
IGARASHI.NS,2019-11-08 00:00:00+05:30,237.52650359642695,244.89971912526036,233.5677285364865,236.23989868164062,57324,0.0,0.0
IGARASHI.NS,2019-11-11 00:00:00+05:30,235.99250486231946,242.47500285696478,226.5904129148045,232.57806396484375,70209,0.0,0.0
IGARASHI.NS,2019-11-13 00:00:00+05:30,232.57804831480368,243.167769196491,230.25226179104394,241.2378692626953,95983,0.0,0.0
IGARASHI.NS,2019-11-14 00:00:00+05:30,240.54509711616953,244.25644911312278,235.15126856757013,241.0894317626953,44446,0.0,0.0
IGARASHI.NS,2019-11-15 00:00:00+05:30,243.16775332124948,249.35333930877377,232.57803313091352,235.39866638183594,40672,0.0,0.0
IGARASHI.NS,2019-11-18 00:00:00+05:30,242.722419653145,242.9698431186426,229.80691173386433,241.5347900390625,60733,0.0,0.0
IGARASHI.NS,2019-11-19 00:00:00+05:30,241.4852748770299,243.46466237602195,233.71617290287486,240.84197998046875,38726,0.0,0.0
IGARASHI.NS,2019-11-20 00:00:00+05:30,239.4564078301147,242.2275534434404,236.73474992625583,237.47702026367188,14096,0.0,0.0
IGARASHI.NS,2019-11-21 00:00:00+05:30,238.51621883591753,261.0812266279673,235.94300877466918,249.99667358398438,195158,0.0,0.0
IGARASHI.NS,2019-11-22 00:00:00+05:30,251.28326510063772,255.34101596865858,243.46468964453493,250.83790588378906,90907,0.0,0.0
IGARASHI.NS,2019-11-25 00:00:00+05:30,249.45232283286248,256.0832682067013,245.4440599623649,248.71005249023438,69505,0.0,0.0
IGARASHI.NS,2019-11-26 00:00:00+05:30,250.88739279664108,256.82555593975684,246.43377043930428,249.55130004882812,50844,0.0,0.0
IGARASHI.NS,2019-11-27 00:00:00+05:30,252.37192925768363,264.3472307650326,251.97605776220496,254.1533660888672,63690,0.0,0.0
IGARASHI.NS,2019-11-28 00:00:00+05:30,256.0832704565475,256.5286447472603,242.87085220107636,248.46263122558594,79155,0.0,0.0
IGARASHI.NS,2019-11-29 00:00:00+05:30,250.29356828213312,251.23378951957122,240.00075829681955,243.95953369140625,35206,0.0,0.0
IGARASHI.NS,2019-12-02 00:00:00+05:30,243.16778680394276,250.73895415609218,235.79457031187334,240.99046325683594,28627,0.0,0.0
IGARASHI.NS,2019-12-03 00:00:00+05:30,246.43375488864274,246.48324259868517,233.2213366883389,234.4089813232422,18222,0.0,0.0
IGARASHI.NS,2019-12-04 00:00:00+05:30,234.45847317049905,237.37808218575762,227.62959146709812,229.1636199951172,20527,0.0,0.0
IGARASHI.NS,2019-12-05 00:00:00+05:30,230.64814765581244,236.38837482924396,226.9862835439519,228.9161834716797,36128,0.0,0.0
IGARASHI.NS,2019-12-06 00:00:00+05:30,229.1141229815188,230.7965994820275,222.68111304899233,223.67080688476562,15515,0.0,0.0
IGARASHI.NS,2019-12-09 00:00:00+05:30,224.21513957262428,232.5780493921643,222.5821356968255,226.29348754882812,45305,0.0,0.0
IGARASHI.NS,2019-12-10 00:00:00+05:30,226.68938102948002,231.09351567405432,217.2872893853536,222.08729553222656,40935,0.0,0.0
IGARASHI.NS,2019-12-11 00:00:00+05:30,221.2955493070314,224.660502332188,215.75325774633035,218.6728515625,23695,0.0,0.0
IGARASHI.NS,2019-12-12 00:00:00+05:30,220.7512085538213,223.07697995918383,212.78417031923706,220.0584259033203,199217,0.0,0.0
IGARASHI.NS,2019-12-13 00:00:00+05:30,218.72233260660317,240.44610877505275,218.72233260660317,237.37806701660156,78794,0.0,0.0
IGARASHI.NS,2019-12-16 00:00:00+05:30,238.9120834921242,246.82963409801437,230.6481491081439,233.22134399414062,80786,0.0,0.0
IGARASHI.NS,2019-12-17 00:00:00+05:30,235.49764033850238,244.55334780972916,234.60692194531313,240.39662170410156,72147,0.0,0.0
IGARASHI.NS,2019-12-18 00:00:00+05:30,240.49557785857724,244.05848134894512,234.06256857429432,236.3388671875,16306,0.0,0.0
IGARASHI.NS,2019-12-19 00:00:00+05:30,237.72446463873604,243.71211557468402,234.16157576637946,243.0193328857422,20638,0.0,0.0
IGARASHI.NS,2019-12-20 00:00:00+05:30,243.4646812121126,244.4543750381781,238.91208357159957,242.52447509765625,11708,0.0,0.0
IGARASHI.NS,2019-12-23 00:00:00+05:30,244.45437304475558,288.3967725231202,244.45437304475558,278.2524108886719,2250284,0.0,0.0
IGARASHI.NS,2019-12-24 00:00:00+05:30,277.1142803465512,333.87322916528706,270.1864233378874,330.8546447753906,5536700,0.0,0.0
IGARASHI.NS,2019-12-26 00:00:00+05:30,338.4752901006858,396.8672261122076,331.5474332857595,394.5909423828125,8529869,0.0,0.0
IGARASHI.NS,2019-12-27 00:00:00+05:30,390.9290857851242,412.1085289490732,368.4630224448561,391.6713562011719,6059201,0.0,0.0
IGARASHI.NS,2019-12-30 00:00:00+05:30,383.90223462434693,400.8260053346437,369.74962478881645,374.2032470703125,1637814,0.0,0.0
IGARASHI.NS,2019-12-31 00:00:00+05:30,374.10423985813907,391.0280091304281,361.23822102703906,364.25677490234375,1567757,0.0,0.0
IGARASHI.NS,2020-01-01 00:00:00+05:30,365.19702132052225,374.7970635014992,352.0341055330114,368.66094970703125,1127378,0.0,0.0
IGARASHI.NS,2020-01-02 00:00:00+05:30,372.3228335816317,378.4094446389133,360.7434036068547,364.7021789550781,597260,0.0,0.0
IGARASHI.NS,2020-01-03 00:00:00+05:30,365.04858064275487,367.17641636815796,348.1248098584894,349.95574951171875,351076,0.0,0.0
IGARASHI.NS,2020-01-06 00:00:00+05:30,346.39285816718655,346.39285816718655,314.97007746202036,319.0773010253906,518147,0.0,0.0
IGARASHI.NS,2020-01-07 00:00:00+05:30,323.4319273821735,336.00105094193157,314.77210648160826,329.32061767578125,667314,0.0,0.0
IGARASHI.NS,2020-01-08 00:00:00+05:30,318.1866019117804,343.4237973977847,316.8010364355141,329.1722106933594,1076661,0.0,0.0
IGARASHI.NS,2020-01-09 00:00:00+05:30,335.20933583394265,340.4547014199442,331.54745632465495,334.12066650390625,359144,0.0,0.0
IGARASHI.NS,2020-01-10 00:00:00+05:30,335.8526148501565,336.6938606653024,322.1453489539024,323.5309143066406,202867,0.0,0.0
IGARASHI.NS,2020-01-13 00:00:00+05:30,326.59897794289526,334.21963284278684,320.7102873199736,326.8958740234375,244117,0.0,0.0
IGARASHI.NS,2020-01-14 00:00:00+05:30,327.6381457081388,336.39694255508175,322.1453567752231,324.71856689453125,171137,0.0,0.0
IGARASHI.NS,2020-01-15 00:00:00+05:30,324.71857019897345,330.8546541733939,322.640206996726,324.6690673828125,121217,0.0,0.0
IGARASHI.NS,2020-01-16 00:00:00+05:30,324.61958104785936,357.13102988549,324.61958104785936,349.95574951171875,1535617,0.0,0.0
IGARASHI.NS,2020-01-17 00:00:00+05:30,349.8567841879355,356.042370895643,339.56397394692226,343.3247985839844,425048,0.0,0.0
IGARASHI.NS,2020-01-20 00:00:00+05:30,345.40313909433416,351.19285391346114,340.553645474309,342.78045654296875,320242,0.0,0.0
IGARASHI.NS,2020-01-21 00:00:00+05:30,341.44435337611606,345.1062324355755,332.78453281947543,334.2690734863281,131275,0.0,0.0
IGARASHI.NS,2020-01-22 00:00:00+05:30,336.7927635339484,340.25669158170945,329.56801140126896,330.607177734375,160356,0.0,0.0
IGARASHI.NS,2020-01-23 00:00:00+05:30,331.9432801333972,338.32681694873537,327.19276217992916,330.90411376953125,108482,0.0,0.0
IGARASHI.NS,2020-01-24 00:00:00+05:30,331.5474463441318,335.5062218228677,327.6876462929763,329.0732116699219,92841,0.0,0.0
IGARASHI.NS,2020-01-27 00:00:00+05:30,326.598950332655,333.03195996041944,323.62986896599455,325.5597839355469,131246,0.0,0.0
IGARASHI.NS,2020-01-28 00:00:00+05:30,327.5886359368844,329.71647148921653,308.98240525190334,313.9803466796875,148920,0.0,0.0
IGARASHI.NS,2020-01-29 00:00:00+05:30,328.47938438907926,328.47938438907926,311.8030368939922,313.1391296386719,98896,0.0,0.0
IGARASHI.NS,2020-01-30 00:00:00+05:30,314.7721198476921,315.86078913345983,308.28963715094267,309.2298583984375,78510,0.0,0.0
IGARASHI.NS,2020-01-31 00:00:00+05:30,311.4566729263692,311.7535690061034,295.819491660735,300.9659118652344,82655,0.0,0.0
IGARASHI.NS,2020-02-03 00:00:00+05:30,277.26268351727623,289.18851070272694,277.26268351727623,280.0338439941406,87708,0.0,0.0
IGARASHI.NS,2020-02-04 00:00:00+05:30,285.8235705136372,307.99273681640625,281.66687448416246,307.99273681640625,281858,0.0,0.0
IGARASHI.NS,2020-02-05 00:00:00+05:30,320.6607955922635,330.2113348524708,309.7741636431435,312.8916931152344,247564,0.0,0.0
IGARASHI.NS,2020-02-06 00:00:00+05:30,314.9205967164215,350.25264921519096,314.9205967164215,326.54949951171875,562097,0.0,0.0
IGARASHI.NS,2020-02-07 00:00:00+05:30,326.59895288617895,332.5371156659276,322.78862572856195,325.9556579589844,118884,0.0,0.0
IGARASHI.NS,2020-02-10 00:00:00+05:30,328.57834254333505,328.7762933851265,314.8216047244516,316.4051208496094,56416,0.0,0.0
IGARASHI.NS,2020-02-11 00:00:00+05:30,319.1762688879764,329.5680543866547,315.7123403884169,317.8896789550781,122178,0.0,0.0
IGARASHI.NS,2020-02-12 00:00:00+05:30,320.36391757163904,322.59072877755017,309.5762302338882,310.9123229980469,70040,0.0,0.0
IGARASHI.NS,2020-02-13 00:00:00+05:30,312.74323307366456,325.609252155809,311.95149013444774,313.9308776855469,107537,0.0,0.0
IGARASHI.NS,2020-02-14 00:00:00+05:30,322.0463778038335,364.2073425161522,322.0463778038335,344.660888671875,2588727,0.0,0.0
IGARASHI.NS,2020-02-17 00:00:00+05:30,343.522715588506,354.16192367735607,331.4979422542776,336.4464111328125,455189,0.0,0.0
IGARASHI.NS,2020-02-18 00:00:00+05:30,336.4959163310007,343.42377343193306,326.69795304315124,330.35980224609375,175799,0.0,0.0
IGARASHI.NS,2020-02-19 00:00:00+05:30,333.77422910454544,346.34335225953487,328.97420820505465,339.86083984375,269264,0.0,0.0
IGARASHI.NS,2020-02-20 00:00:00+05:30,340.45465703489396,352.23200686264084,334.91236587976107,339.069091796875,364772,0.0,0.0
IGARASHI.NS,2020-02-24 00:00:00+05:30,334.4175260944457,338.37630126029427,316.751485876235,318.1865539550781,157531,0.0,0.0
IGARASHI.NS,2020-02-25 00:00:00+05:30,320.6607907078288,338.47527908048596,318.73087571956785,332.4381408691406,267883,0.0,0.0
IGARASHI.NS,2020-02-26 00:00:00+05:30,328.5783428152696,342.2361052245606,323.87729724788244,335.0113525390625,219442,0.0,0.0
IGARASHI.NS,2020-02-27 00:00:00+05:30,332.0422658824346,358.26915126510085,332.0422658824346,353.2712097167969,557980,0.0,0.0
IGARASHI.NS,2020-02-28 00:00:00+05:30,345.3041963155096,345.3041963155096,328.578375414825,333.67529296875,221690,0.0,0.0
IGARASHI.NS,2020-03-02 00:00:00+05:30,343.0773354948785,348.3722031458025,315.7617817076077,321.7989196777344,91068,0.0,0.0
IGARASHI.NS,2020-03-03 00:00:00+05:30,328.92474827407045,333.0319716008992,320.80924684031396,323.2340087890625,84997,0.0,0.0
IGARASHI.NS,2020-03-04 00:00:00+05:30,324.6195792648497,329.71649649623174,307.79478399807397,310.61541748046875,119726,0.0,0.0
IGARASHI.NS,2020-03-05 00:00:00+05:30,313.68348858823515,324.3226978403265,311.7535734333758,318.6319580078125,142778,0.0,0.0
IGARASHI.NS,2020-03-06 00:00:00+05:30,301.85661984278147,309.6257224924616,297.1061015133646,299.38238525390625,76966,0.0,0.0
IGARASHI.NS,2020-03-09 00:00:00+05:30,287.20913973611783,291.95965767813266,257.36984886521265,264.64410400390625,138726,0.0,0.0
IGARASHI.NS,2020-03-11 00:00:00+05:30,264.6441319294695,283.74524153530893,259.89361348617433,274.1946716308594,142256,0.0,0.0
IGARASHI.NS,2020-03-12 00:00:00+05:30,264.2482589023199,264.2482589023199,229.60897402748392,251.7286376953125,129964,0.0,0.0
IGARASHI.NS,2020-03-13 00:00:00+05:30,219.36562772990308,267.8111519837711,202.8872317751208,252.52037048339844,114854,0.0,0.0
IGARASHI.NS,2020-03-16 00:00:00+05:30,237.52652002138433,243.95952993863014,222.9285359784034,226.49143981933594,70504,0.0,0.0
IGARASHI.NS,2020-03-17 00:00:00+05:30,232.57804597824875,232.57804597824875,207.83570066141377,211.84396362304688,82988,0.0,0.0
IGARASHI.NS,2020-03-18 00:00:00+05:30,219.5635868796115,221.39451144299906,192.00060708932128,194.42535400390625,98929,0.0,0.0
IGARASHI.NS,2020-03-19 00:00:00+05:30,188.04181644113527,188.04181644113527,173.69125676536441,176.46240234375,118972,0.0,0.0
IGARASHI.NS,2020-03-20 00:00:00+05:30,178.14489948453752,192.69339658880205,177.20469331311963,187.84390258789062,102739,0.0,0.0
IGARASHI.NS,2020-03-23 00:00:00+05:30,172.2067243723109,188.04182546401765,169.08919488549282,169.63351440429688,29756,0.0,0.0
IGARASHI.NS,2020-03-24 00:00:00+05:30,174.82941257509302,186.55729073909072,156.3221405990011,166.9613494873047,37563,0.0,0.0
IGARASHI.NS,2020-03-25 00:00:00+05:30,163.29947839384732,173.1964164783229,158.35100935160952,170.5242462158203,32376,0.0,0.0
IGARASHI.NS,2020-03-26 00:00:00+05:30,171.26652102184335,187.54698157348366,170.57373835823662,185.17172241210938,38811,0.0,0.0
IGARASHI.NS,2020-03-27 00:00:00+05:30,195.46452436945265,202.8377401165009,181.26241238098467,186.35934448242188,40966,0.0,0.0
IGARASHI.NS,2020-03-30 00:00:00+05:30,181.3613790241322,186.0624243194371,172.70155874330732,176.95724487304688,17785,0.0,0.0
IGARASHI.NS,2020-03-31 00:00:00+05:30,187.99233419983182,187.99233419983182,176.16549631579096,182.45005798339844,24767,0.0,0.0
IGARASHI.NS,2020-04-01 00:00:00+05:30,183.88511326471402,193.97998712542523,164.23968505859375,164.23968505859375,120344,0.0,0.0
IGARASHI.NS,2020-04-03 00:00:00+05:30,164.2396733608595,164.2396733608595,148.00870204292232,152.70974731445312,183903,0.0,0.0
IGARASHI.NS,2020-04-07 00:00:00+05:30,161.32009415192525,163.29948181023107,155.97575351511125,161.17164611816406,78346,0.0,0.0
IGARASHI.NS,2020-04-08 00:00:00+05:30,156.52008075470428,173.0974532101045,156.52008075470428,168.84178161621094,77023,0.0,0.0
IGARASHI.NS,2020-04-09 00:00:00+05:30,170.3757896943159,202.59032742953264,170.3757896943159,200.7099151611328,314671,0.0,0.0
IGARASHI.NS,2020-04-13 00:00:00+05:30,207.73672490867403,208.87488185235318,188.04182410845297,194.9696807861328,140984,0.0,0.0
IGARASHI.NS,2020-04-15 00:00:00+05:30,199.81916679751185,212.19033896430997,194.12842760078473,196.1573028564453,122397,0.0,0.0
IGARASHI.NS,2020-04-16 00:00:00+05:30,196.89958286806362,212.98210747568362,194.96968293545507,204.02537536621094,81478,0.0,0.0
IGARASHI.NS,2020-04-17 00:00:00+05:30,211.794477112425,240.8914693293147,203.87692656616613,235.8440399169922,430580,0.0,0.0
IGARASHI.NS,2020-04-20 00:00:00+05:30,236.33890258760704,243.1677843485627,219.71204231130997,226.54092407226562,229361,0.0,0.0
IGARASHI.NS,2020-04-21 00:00:00+05:30,215.95120363043702,222.68112509815396,207.83571675827702,209.66665649414062,77691,0.0,0.0
IGARASHI.NS,2020-04-22 00:00:00+05:30,208.8253908250061,230.59865432334797,205.85630943886858,225.74916076660156,113252,0.0,0.0
IGARASHI.NS,2020-04-23 00:00:00+05:30,229.60896904435094,236.23991469903277,220.70172455556147,222.3842010498047,51002,0.0,0.0
IGARASHI.NS,2020-04-24 00:00:00+05:30,217.7326429114779,225.1058589352198,213.18004524635342,218.2769775390625,50807,0.0,0.0
IGARASHI.NS,2020-04-27 00:00:00+05:30,220.70171247209822,229.60895647321428,219.26665951444633,223.42337036132812,62648,0.0,0.0
IGARASHI.NS,2020-04-28 00:00:00+05:30,224.61100693640637,227.48112804347699,218.22748488854387,219.8604736328125,43598,0.0,0.0
IGARASHI.NS,2020-04-29 00:00:00+05:30,220.00893019537534,244.94921041758764,219.95944248609638,236.19041442871094,364022,0.0,0.0
IGARASHI.NS,2020-04-30 00:00:00+05:30,240.49558619236038,250.3925238957497,235.54711734066572,236.43783569335938,241868,0.0,0.0
IGARASHI.NS,2020-05-04 00:00:00+05:30,227.62958340036184,227.62958340036184,217.8810930271693,219.7615203857422,56875,0.0,0.0
IGARASHI.NS,2020-05-05 00:00:00+05:30,221.79039481425747,225.40277127709862,213.3779972034766,214.36769104003906,71353,0.0,0.0
IGARASHI.NS,2020-05-06 00:00:00+05:30,215.4563564870408,221.69143100434403,210.30995128760316,211.39862060546875,125328,0.0,0.0
IGARASHI.NS,2020-05-07 00:00:00+05:30,210.80477342880417,218.42541245263834,210.80477342880417,212.83364868164062,94795,0.0,0.0
IGARASHI.NS,2020-05-08 00:00:00+05:30,217.63365571999122,221.69140625,215.75324358258928,216.49551391601562,90122,0.0,0.0
IGARASHI.NS,2020-05-11 00:00:00+05:30,218.57389058817535,235.2502227300036,217.930580531306,229.06463623046875,585746,0.0,0.0
IGARASHI.NS,2020-05-12 00:00:00+05:30,226.34298422512924,226.34298422512924,217.73265060776455,223.57183837890625,64556,0.0,0.0
IGARASHI.NS,2020-05-13 00:00:00+05:30,229.01516618880868,233.468788812112,223.7698005136982,224.7100067138672,60091,0.0,0.0
IGARASHI.NS,2020-05-14 00:00:00+05:30,222.33469898130957,231.2914306036557,220.10788800290172,221.93882751464844,79498,0.0,0.0
IGARASHI.NS,2020-05-15 00:00:00+05:30,221.8893692520498,225.7986571348472,215.06048738597482,215.90171813964844,58800,0.0,0.0
IGARASHI.NS,2020-05-18 00:00:00+05:30,217.23779573861717,218.02955382311848,196.30577726956264,199.02743530273438,88619,0.0,0.0
IGARASHI.NS,2020-05-19 00:00:00+05:30,200.90784778641833,207.1924096568023,199.91815395495814,201.40269470214844,63754,0.0,0.0
IGARASHI.NS,2020-05-20 00:00:00+05:30,201.40270072200443,211.54706279768277,201.35321300864638,207.58828735351562,68107,0.0,0.0
IGARASHI.NS,2020-05-21 00:00:00+05:30,208.627465901857,215.2584116543518,204.8666262641417,206.54910278320312,70171,0.0,0.0
IGARASHI.NS,2020-05-22 00:00:00+05:30,205.36147215308213,208.3800413905779,200.06660405936674,202.88723754882812,36084,0.0,0.0
IGARASHI.NS,2020-05-26 00:00:00+05:30,204.86662699455755,208.82540239541856,202.88723929412703,203.72848510742188,28795,0.0,0.0
IGARASHI.NS,2020-05-27 00:00:00+05:30,205.85631420637534,206.79652031345438,201.0068205373176,204.4707489013672,37967,0.0,0.0
IGARASHI.NS,2020-05-28 00:00:00+05:30,207.53878681317505,217.53470023250938,205.60888692372745,213.18003845214844,150051,0.0,0.0
IGARASHI.NS,2020-05-29 00:00:00+05:30,212.9326057614665,240.4955829323956,210.80477022469242,223.27491760253906,687359,0.0,0.0
IGARASHI.NS,2020-06-01 00:00:00+05:30,227.3821489112479,233.91413398478318,227.3821489112479,228.5697784423828,93136,0.0,0.0
IGARASHI.NS,2020-06-02 00:00:00+05:30,230.25225749689346,236.58630690442607,227.8275106970106,232.42959594726562,105023,0.0,0.0
IGARASHI.NS,2020-06-03 00:00:00+05:30,235.54713862340154,241.3368537436223,230.64815703788466,232.67703247070312,123952,0.0,0.0
IGARASHI.NS,2020-06-04 00:00:00+05:30,234.55742536272322,266.92042398133447,234.55742536272322,240.74301147460938,1067001,0.0,0.0
IGARASHI.NS,2020-06-05 00:00:00+05:30,240.14921975933825,246.4337820902026,231.88528472205095,236.6358184814453,233389,0.0,0.0
IGARASHI.NS,2020-06-08 00:00:00+05:30,239.011077038699,246.58222933906424,228.8172268403449,231.24197387695312,234988,0.0,0.0
IGARASHI.NS,2020-06-09 00:00:00+05:30,233.36981353567893,239.45642469044256,228.71825544732394,230.10382080078125,116186,0.0,0.0
IGARASHI.NS,2020-06-10 00:00:00+05:30,231.2914310545517,235.49762957752196,228.81719662927512,229.50997924804688,51020,0.0,0.0
IGARASHI.NS,2020-06-11 00:00:00+05:30,229.50998827074133,231.58835131029147,217.7326379840347,219.8604736328125,89685,0.0,0.0
IGARASHI.NS,2020-06-12 00:00:00+05:30,208.8253986602516,222.1367776872461,205.8563171627125,220.65223693847656,80103,0.0,0.0
IGARASHI.NS,2020-06-15 00:00:00+05:30,218.37594164992566,228.12443209911126,217.73264668895652,218.87078857421875,47824,0.0,0.0
IGARASHI.NS,2020-06-16 00:00:00+05:30,222.6811176129281,230.00484610714136,218.82131761491593,225.5512237548828,236227,0.0,0.0
IGARASHI.NS,2020-06-17 00:00:00+05:30,222.92852347237724,234.26051420904696,222.92852347237724,232.08319091796875,159584,0.0,0.0
IGARASHI.NS,2020-06-18 00:00:00+05:30,257.32040475375817,278.4998474121094,257.32040475375817,278.4998474121094,948623,0.0,0.0
IGARASHI.NS,2020-06-19 00:00:00+05:30,301.85660470165936,329.4690552878554,301.85660470165936,315.61334228515625,2304205,0.0,0.0
IGARASHI.NS,2020-06-22 00:00:00+05:30,315.3164753290545,318.68142847105617,291.0194725209935,296.61126708984375,441509,0.0,0.0
IGARASHI.NS,2020-06-23 00:00:00+05:30,296.6112590767288,310.7638690576863,291.9596858981448,297.15557861328125,495542,0.0,0.0
IGARASHI.NS,2020-06-24 00:00:00+05:30,298.09581180873414,304.7762455675678,282.0627587063092,284.8833923339844,254942,0.0,0.0
IGARASHI.NS,2020-06-25 00:00:00+05:30,277.1142401144584,292.40502008771045,277.1142401144584,284.7348937988281,131682,0.0,0.0
IGARASHI.NS,2020-06-26 00:00:00+05:30,286.21945007437154,290.8709926668106,282.5575710478699,283.646240234375,79986,0.0,0.0
IGARASHI.NS,2020-06-29 00:00:00+05:30,282.01328002948316,284.98236163623795,275.1348955592772,276.3225402832031,58261,0.0,0.0
IGARASHI.NS,2020-06-30 00:00:00+05:30,277.1142805969439,283.3493398291513,273.1555051598447,274.1946716308594,72789,0.0,0.0
IGARASHI.NS,2020-07-01 00:00:00+05:30,274.3431273155979,280.08333914620533,272.7596112303436,275.3822937011719,92230,0.0,0.0
IGARASHI.NS,2020-07-02 00:00:00+05:30,275.5307375311259,295.27514018079745,275.5307375311259,286.2689208984375,278231,0.0,0.0
IGARASHI.NS,2020-07-03 00:00:00+05:30,288.1988804024647,288.3968010638155,279.0936842946075,281.32049560546875,83913,0.0,0.0
IGARASHI.NS,2020-07-06 00:00:00+05:30,282.7555426859962,294.3844453272495,281.07305107369757,281.61737060546875,351074,0.0,0.0
IGARASHI.NS,2020-07-07 00:00:00+05:30,283.0524669640533,284.93287941026495,275.6792350265969,276.47100830078125,115168,0.0,0.0
IGARASHI.NS,2020-07-08 00:00:00+05:30,277.85652369915846,281.76582614052955,270.8791947578377,272.4132080078125,77699,0.0,0.0
IGARASHI.NS,2020-07-09 00:00:00+05:30,273.7493178367595,285.0318213929521,272.7596240124784,279.0936584472656,119304,0.0,0.0
IGARASHI.NS,2020-07-10 00:00:00+05:30,276.7678764917412,281.07305073909623,274.14519385468185,275.1348876953125,44133,0.0,0.0
IGARASHI.NS,2020-07-13 00:00:00+05:30,278.0049964706214,280.08335959657893,273.1555026454268,273.7987976074219,33381,0.0,0.0
IGARASHI.NS,2020-07-14 00:00:00+05:30,272.165782663244,273.15547641838305,267.21731388754864,268.1080322265625,40761,0.0,0.0
IGARASHI.NS,2020-07-15 00:00:00+05:30,269.44416620482167,272.11635183518484,260.2894975642538,261.4771423339844,55997,0.0,0.0
IGARASHI.NS,2020-07-16 00:00:00+05:30,257.32041188914314,261.47713831626896,252.47091785953683,258.508056640625,53661,0.0,0.0
IGARASHI.NS,2020-07-17 00:00:00+05:30,259.00286042960806,270.68123432664703,259.00286042960806,268.6523742675781,91567,0.0,0.0
IGARASHI.NS,2020-07-20 00:00:00+05:30,269.0977564550578,276.8668593533049,266.2276502807472,269.84002685546875,59284,0.0,0.0
IGARASHI.NS,2020-07-21 00:00:00+05:30,271.176120890452,275.1348963779039,267.3657934431676,267.6627197265625,31673,0.0,0.0
IGARASHI.NS,2020-07-22 00:00:00+05:30,267.7121764743788,272.0668232119086,264.1492727061968,265.28741455078125,40446,0.0,0.0
IGARASHI.NS,2020-07-23 00:00:00+05:30,268.89981336475637,268.89981336475637,264.24824049577995,265.8317565917969,27017,0.0,0.0
IGARASHI.NS,2020-07-24 00:00:00+05:30,266.8709531276068,266.8709531276068,260.28949475706133,261.08123779296875,37222,0.0,0.0
IGARASHI.NS,2020-07-27 00:00:00+05:30,262.41731670174664,263.9513602818158,254.6482139855643,255.4399871826172,33048,0.0,0.0
IGARASHI.NS,2020-07-28 00:00:00+05:30,256.6275717671873,270.7802102092377,255.98427688415222,263.0111083984375,185126,0.0,0.0
IGARASHI.NS,2020-07-29 00:00:00+05:30,263.2090820223843,263.2090820223843,255.83585102383947,256.6275939941406,47166,0.0,0.0
IGARASHI.NS,2020-07-30 00:00:00+05:30,257.32040212124207,261.03175407491386,252.42142056270131,254.10389709472656,46401,0.0,0.0
IGARASHI.NS,2020-07-31 00:00:00+05:30,255.3904571533203,259.29975950184144,253.5595478994353,255.3904571533203,32960,0.0,0.0
IGARASHI.NS,2020-08-03 00:00:00+05:30,256.6770931528201,277.1142640887541,255.39047309057327,272.2647705078125,227382,0.0,0.0
IGARASHI.NS,2020-08-04 00:00:00+05:30,274.24416430391176,280.0338792071734,268.2070259449813,272.6111755371094,109954,0.0,0.0
IGARASHI.NS,2020-08-05 00:00:00+05:30,267.21731657126224,288.9905794029947,259.3987418677515,278.89569091796875,338394,0.0,0.0
IGARASHI.NS,2020-08-06 00:00:00+05:30,280.1823119634817,281.41942917437393,273.35343099996805,274.9864196777344,44072,0.0,0.0
IGARASHI.NS,2020-08-07 00:00:00+05:30,280.08333733720224,290.32667391293745,276.4709611118038,279.7369384765625,249222,0.0,0.0
IGARASHI.NS,2020-08-10 00:00:00+05:30,281.17204483942794,285.52669198682975,273.35346901974225,274.4421081542969,78335,0.0,0.0
IGARASHI.NS,2020-08-11 00:00:00+05:30,276.3720183230544,288.99061539957705,274.73902944788125,280.1328430175781,159429,0.0,0.0
IGARASHI.NS,2020-08-12 00:00:00+05:30,279.98438761456754,288.9906078024476,274.244175294236,285.4277038574219,356353,0.0,0.0
IGARASHI.NS,2020-08-13 00:00:00+05:30,287.70399959380654,290.96997705090996,281.8647820143522,282.65655517578125,138040,0.0,0.0
IGARASHI.NS,2020-08-14 00:00:00+05:30,284.9823156017848,305.61740527300543,284.93281279449934,287.3575744628906,505887,0.0,0.0
IGARASHI.NS,2020-08-17 00:00:00+05:30,287.55548784656554,293.1472813244177,282.3595960048141,283.99261474609375,84557,0.0,0.0
IGARASHI.NS,2020-08-18 00:00:00+05:30,285.97202851483286,313.73292683666506,285.97202851483286,308.7349853515625,658212,0.0,0.0
IGARASHI.NS,2020-08-19 00:00:00+05:30,314.6237082435341,321.1556945114993,305.914413354956,308.2896728515625,386737,0.0,0.0
IGARASHI.NS,2020-08-20 00:00:00+05:30,306.7061095718684,319.57212926519605,303.24218119289554,306.3597106933594,234179,0.0,0.0
IGARASHI.NS,2020-08-21 00:00:00+05:30,307.89377309122784,315.6133732986401,302.8463282465073,303.93499755859375,114803,0.0,0.0
IGARASHI.NS,2020-08-24 00:00:00+05:30,305.81543112070796,312.7432887836366,300.8669613614732,301.9061279296875,94404,0.0,0.0
IGARASHI.NS,2020-08-25 00:00:00+05:30,303.34113412864906,310.76383724762087,298.14524194536875,300.6194763183594,126054,0.0,0.0
IGARASHI.NS,2020-08-26 00:00:00+05:30,303.2916916954815,319.17626586914065,303.2916916954815,309.2793273925781,448599,0.0,0.0
IGARASHI.NS,2020-08-27 00:00:00+05:30,311.55559440724124,316.55356619097785,302.94527651748234,305.617431640625,84363,0.0,0.0
IGARASHI.NS,2020-08-28 00:00:00+05:30,307.794793641744,326.59897717612705,304.924687458687,319.1268005371094,580649,0.0,0.0
IGARASHI.NS,2020-08-31 00:00:00+05:30,321.55153515000393,323.62989833589234,295.0277512819867,299.62982177734375,160725,0.0,0.0
IGARASHI.NS,2020-09-01 00:00:00+05:30,301.70814727577863,308.3885801225471,291.9596577476607,299.728759765625,63808,0.0,0.0
IGARASHI.NS,2020-09-02 00:00:00+05:30,299.7287778471015,314.32676161512444,292.05865078254715,302.4999084472656,216932,0.0,0.0
IGARASHI.NS,2020-09-03 00:00:00+05:30,304.8256730127095,309.27929485867446,300.8668980385185,303.2421569824219,55487,0.0,0.0
IGARASHI.NS,2020-09-04 00:00:00+05:30,300.86689975565844,309.92259152019284,295.17616069778,300.6194763183594,93596,0.0,0.0
IGARASHI.NS,2020-09-07 00:00:00+05:30,300.86691291841004,303.83599429589435,292.8009145501892,295.6710205078125,40730,0.0,0.0
IGARASHI.NS,2020-09-08 00:00:00+05:30,294.9287889409362,308.28965689631417,292.9988737106014,298.1452941894531,161646,0.0,0.0
IGARASHI.NS,2020-09-09 00:00:00+05:30,296.00890490391424,298.0459095617553,289.4011256113774,295.6114501953125,37935,103.8744,0.0
IGARASHI.NS,2020-09-10 00:00:00+05:30,297.89681244772316,301.5733364216115,293.3260381976107,294.7668151855469,22474,0.0,0.0
IGARASHI.NS,2020-09-11 00:00:00+05:30,295.1146307291223,300.43067475483804,295.1146307291223,296.754150390625,21547,0.0,0.0
IGARASHI.NS,2020-09-14 00:00:00+05:30,300.4306633165373,306.24353309859794,297.10192332819054,298.6917724609375,56411,0.0,0.0
IGARASHI.NS,2020-09-15 00:00:00+05:30,300.57967719760705,308.1314371357709,299.13886992117057,304.1568298339844,66795,0.0,0.0
IGARASHI.NS,2020-09-16 00:00:00+05:30,304.1568571192806,319.9559164964143,303.7097016281773,310.7149658203125,186965,0.0,0.0
IGARASHI.NS,2020-09-17 00:00:00+05:30,308.0321037991687,312.95069307001836,305.3989322024298,306.293212890625,29619,0.0,0.0
IGARASHI.NS,2020-09-18 00:00:00+05:30,308.03208288294604,310.9136672709522,300.3312808108724,301.1261901855469,33741,0.0,0.0
IGARASHI.NS,2020-09-21 00:00:00+05:30,305.39891104717907,307.38621480499535,284.28380862038165,286.8673095703125,43836,0.0,0.0
IGARASHI.NS,2020-09-22 00:00:00+05:30,286.2214252451267,288.25842988837996,262.27443808004625,276.1358642578125,100207,0.0,0.0
IGARASHI.NS,2020-09-23 00:00:00+05:30,278.22252008055443,285.1284126192361,267.2923496488184,274.1982421875,37928,0.0,0.0
IGARASHI.NS,2020-09-24 00:00:00+05:30,274.2479119445053,274.2479119445053,259.34313412143433,260.4361572265625,96382,0.0,0.0
IGARASHI.NS,2020-09-25 00:00:00+05:30,268.2860079605613,278.5206102087765,262.671880895786,275.3409423828125,66602,0.0,0.0
IGARASHI.NS,2020-09-28 00:00:00+05:30,278.1231477521377,287.96029503780534,275.5396468680613,284.7309265136719,37055,0.0,0.0
IGARASHI.NS,2020-09-29 00:00:00+05:30,286.1717507729682,290.14635842259275,278.42127798574023,281.2034912109375,24807,0.0,0.0
IGARASHI.NS,2020-09-30 00:00:00+05:30,282.1474733030283,288.1590552573045,278.61999081160303,282.6939697265625,25202,0.0,0.0
IGARASHI.NS,2020-10-01 00:00:00+05:30,288.15903171011837,294.1209427110174,283.88634095567977,285.3271179199219,62215,0.0,0.0
IGARASHI.NS,2020-10-05 00:00:00+05:30,290.1463736950986,294.56813706759533,286.32080756619774,288.208740234375,30644,0.0,0.0
IGARASHI.NS,2020-10-06 00:00:00+05:30,288.45714085344514,292.0342938377424,286.17175356217615,287.6622314453125,25852,0.0,0.0
IGARASHI.NS,2020-10-07 00:00:00+05:30,288.0100028153553,288.3577870373191,283.29015639629273,286.1220703125,13553,0.0,0.0
IGARASHI.NS,2020-10-08 00:00:00+05:30,285.87367918383165,286.17176264037494,278.2722174796158,280.0111083984375,24967,0.0,0.0
IGARASHI.NS,2020-10-09 00:00:00+05:30,281.2531558823144,284.6315965739686,279.5639658603365,281.7996826171875,13094,0.0,0.0
IGARASHI.NS,2020-10-12 00:00:00+05:30,278.96777799543275,281.20349482709696,274.24793135080836,275.390625,16471,0.0,0.0
IGARASHI.NS,2020-10-13 00:00:00+05:30,275.39061875879605,282.69396630815265,273.2542732328365,274.9931640625,27121,0.0,0.0
IGARASHI.NS,2020-10-14 00:00:00+05:30,275.2912531116739,279.8123875552081,270.8198194585952,273.900146484375,21539,0.0,0.0
IGARASHI.NS,2020-10-15 00:00:00+05:30,275.2415942863782,278.4212927037036,271.36635768791064,271.9625549316406,14707,0.0,0.0
IGARASHI.NS,2020-10-16 00:00:00+05:30,272.4096494767133,286.0723624575464,271.8631530870192,284.4825134277344,34291,0.0,0.0
IGARASHI.NS,2020-10-19 00:00:00+05:30,286.17172227953955,289.053306473835,282.197115025657,285.9233093261719,24552,0.0,0.0
IGARASHI.NS,2020-10-20 00:00:00+05:30,283.9360581704474,285.9233621646413,278.7193851856885,279.8124084472656,12375,0.0,0.0
IGARASHI.NS,2020-10-21 00:00:00+05:30,285.0290937258109,285.62529101455453,275.0428725299527,279.6136779785156,19067,0.0,0.0
IGARASHI.NS,2020-10-22 00:00:00+05:30,276.334613783769,282.197154232994,276.2352425238463,278.5206298828125,9422,0.0,0.0
IGARASHI.NS,2020-10-23 00:00:00+05:30,280.3092294109473,291.14002991999234,278.57033844726135,282.6443176269531,41449,0.0,0.0
IGARASHI.NS,2020-10-26 00:00:00+05:30,283.19078618059245,285.07871869035995,274.24791924857374,275.3409423828125,15186,0.0,0.0
IGARASHI.NS,2020-10-27 00:00:00+05:30,275.3409543236575,277.7257128775137,272.2606272931619,274.893798828125,10471,0.0,0.0
IGARASHI.NS,2020-10-28 00:00:00+05:30,276.1855507834816,279.2161768726667,270.6210942187583,271.61474609375,11493,0.0,0.0
IGARASHI.NS,2020-10-29 00:00:00+05:30,269.7268559622501,277.2289166672527,265.5038348302221,271.6644592285156,22921,0.0,0.0
IGARASHI.NS,2020-10-30 00:00:00+05:30,275.7880897683331,275.7880897683331,267.1433358981096,269.4784240722656,9049,0.0,0.0
IGARASHI.NS,2020-11-02 00:00:00+05:30,270.9689141431157,273.85049889550453,266.3981088511268,269.2796936035156,12252,0.0,0.0
IGARASHI.NS,2020-11-03 00:00:00+05:30,272.26061933252987,274.2479231232782,268.88220895302743,270.521728515625,10607,0.0,0.0
IGARASHI.NS,2020-11-04 00:00:00+05:30,272.26061303902645,274.99315568814075,266.2987018045952,270.124267578125,10942,0.0,0.0
IGARASHI.NS,2020-11-05 00:00:00+05:30,271.9625621071033,282.19716548640014,270.77016758818326,275.0925598144531,33440,0.0,0.0
IGARASHI.NS,2020-11-06 00:00:00+05:30,277.22888909409556,285.97301396824014,275.68874072866856,280.1104736328125,38792,0.0,0.0
IGARASHI.NS,2020-11-09 00:00:00+05:30,280.55761696018925,285.1780921798667,276.2352251777106,280.060791015625,28846,0.0,0.0
IGARASHI.NS,2020-11-10 00:00:00+05:30,281.30287423034184,284.18445883205044,278.2225471083011,280.259521484375,21552,0.0,0.0
IGARASHI.NS,2020-11-11 00:00:00+05:30,281.79969209197657,301.076533378856,278.61999380133966,289.89794921875,108876,0.0,0.0
IGARASHI.NS,2020-11-12 00:00:00+05:30,290.2457350083641,304.85240019464555,290.2457350083641,293.6241455078125,173941,0.0,0.0
IGARASHI.NS,2020-11-13 00:00:00+05:30,296.0088893777214,296.0088893777214,286.17174181751415,288.3577880859375,44189,0.0,0.0
IGARASHI.NS,2020-11-14 00:00:00+05:30,290.5438116363605,295.06494600898816,288.15905312355613,291.7362060546875,10214,0.0,0.0
IGARASHI.NS,2020-11-17 00:00:00+05:30,292.6304793970956,294.6177831621014,288.1590459258327,289.10302734375,28921,0.0,0.0
IGARASHI.NS,2020-11-18 00:00:00+05:30,291.5871477279638,316.77619788503824,289.10301810112423,307.5352478027344,336673,0.0,0.0
IGARASHI.NS,2020-11-19 00:00:00+05:30,307.5352695499518,318.4654406809679,300.08288014244084,301.1759033203125,134866,0.0,0.0
IGARASHI.NS,2020-11-20 00:00:00+05:30,303.8587484633441,353.740087544365,303.610335480518,338.3881530761719,1411948,0.0,0.0
IGARASHI.NS,2020-11-23 00:00:00+05:30,344.3997491104388,346.58576506125485,327.75608005096115,329.8924255371094,182571,0.0,0.0
IGARASHI.NS,2020-11-24 00:00:00+05:30,334.7613051848699,350.75910617727146,324.22858941619353,337.5435485839844,405759,0.0,0.0
IGARASHI.NS,2020-11-25 00:00:00+05:30,339.2327576940417,340.67356510023745,323.03624361014107,325.4706726074219,89588,0.0,0.0
IGARASHI.NS,2020-11-26 00:00:00+05:30,327.50766511558976,330.14083652801867,319.95590477658993,325.6694030761719,44784,0.0,0.0
IGARASHI.NS,2020-11-27 00:00:00+05:30,325.91784104320226,335.2581633497921,322.9368851800022,327.0108642578125,70463,0.0,0.0
IGARASHI.NS,2020-12-01 00:00:00+05:30,327.01086493557096,339.77929864084496,320.1049717086374,328.749755859375,92176,0.0,0.0
IGARASHI.NS,2020-12-02 00:00:00+05:30,330.3892502028017,335.8543355445022,323.88084251631614,327.1598815917969,42856,0.0,0.0
IGARASHI.NS,2020-12-03 00:00:00+05:30,328.7994273840865,338.33849226151625,328.7994273840865,331.4822998046875,74997,0.0,0.0
IGARASHI.NS,2020-12-04 00:00:00+05:30,332.7740343492152,335.85436148082135,327.4083198459486,329.24658203125,38700,0.0,0.0
IGARASHI.NS,2020-12-07 00:00:00+05:30,331.78038938817906,339.0340670218629,325.52039405634343,331.63134765625,142585,0.0,0.0
IGARASHI.NS,2020-12-08 00:00:00+05:30,335.80466543598044,337.8416396632339,325.1725781758626,327.9051208496094,75454,0.0,0.0
IGARASHI.NS,2020-12-09 00:00:00+05:30,332.8733759570851,338.83528716825674,327.20954817693257,331.7306823730469,104948,0.0,0.0
IGARASHI.NS,2020-12-10 00:00:00+05:30,336.79833607866465,337.84165848267384,324.8745128380997,327.6070556640625,91346,0.0,0.0
IGARASHI.NS,2020-12-11 00:00:00+05:30,330.0911528302833,347.6291017124377,327.6070232344017,336.15240478515625,461726,0.0,0.0
IGARASHI.NS,2020-12-14 00:00:00+05:30,337.8416378012621,344.64815921585136,331.33323014374787,336.9473571777344,128854,0.0,0.0
IGARASHI.NS,2020-12-15 00:00:00+05:30,338.4378532455506,343.90293885768887,330.14085356962516,336.8976745605469,95354,0.0,0.0
IGARASHI.NS,2020-12-16 00:00:00+05:30,337.09642329855615,343.60483142724877,334.61229342900157,336.79833984375,100744,0.0,0.0
IGARASHI.NS,2020-12-17 00:00:00+05:30,339.18308174996514,360.69563929610626,335.3078454090744,340.8226013183594,512110,0.0,0.0
IGARASHI.NS,2020-12-18 00:00:00+05:30,341.8162586110032,346.53610520519584,335.705305401187,339.2327575683594,94872,0.0,0.0
IGARASHI.NS,2020-12-21 00:00:00+05:30,339.82896126412237,340.574200214263,304.0574916573727,310.3671875,98633,0.0,0.0
IGARASHI.NS,2020-12-22 00:00:00+05:30,311.95704227774877,327.85547350046363,300.13255979677376,324.5267333984375,82987,0.0,0.0
IGARASHI.NS,2020-12-23 00:00:00+05:30,324.8745026598275,335.8543440869773,322.93686931440124,332.2771911621094,55368,0.0,0.0
IGARASHI.NS,2020-12-24 00:00:00+05:30,334.36387763256045,341.46848293502006,328.89879196546065,329.8427734375,46652,0.0,0.0
IGARASHI.NS,2020-12-28 00:00:00+05:30,331.6313356070809,337.5435767908898,329.99181596772615,331.830078125,36144,0.0,0.0
IGARASHI.NS,2020-12-29 00:00:00+05:30,333.51928454835127,338.785658292341,324.92420089525046,326.3153076171875,41972,0.0,0.0
IGARASHI.NS,2020-12-30 00:00:00+05:30,328.00452363849314,334.56263275078413,325.073238177106,330.6376953125,36476,0.0,0.0
IGARASHI.NS,2020-12-31 00:00:00+05:30,327.9051305514781,346.28769090057614,327.85546008547993,336.2518005371094,253141,0.0,0.0
IGARASHI.NS,2021-01-01 00:00:00+05:30,337.94101463822295,340.72322780714154,333.8670358149963,335.8543395996094,29876,0.0,0.0
IGARASHI.NS,2021-01-04 00:00:00+05:30,335.85432720160196,343.75387158336827,333.81735302710786,335.3078308105469,60832,0.0,0.0
IGARASHI.NS,2021-01-05 00:00:00+05:30,334.36386740610016,394.23139492829193,330.8860857243131,376.5444030761719,1395936,0.0,0.0
IGARASHI.NS,2021-01-06 00:00:00+05:30,377.58773772431135,384.6923430404065,351.5540447306211,361.8383483886719,364803,0.0,0.0
IGARASHI.NS,2021-01-07 00:00:00+05:30,364.719931830086,370.4831312666409,357.71469779448427,359.1058044433594,98385,0.0,0.0
IGARASHI.NS,2021-01-08 00:00:00+05:30,362.6829517224972,379.32662142483093,358.8077152894104,359.9504089355469,275125,0.0,0.0
IGARASHI.NS,2021-01-11 00:00:00+05:30,366.21036433294483,366.35943636429033,353.0941785676687,355.57830810546875,86930,0.0,0.0
IGARASHI.NS,2021-01-12 00:00:00+05:30,357.7146800330621,372.12263242328265,353.7897429420486,359.9007263183594,205080,0.0,0.0
IGARASHI.NS,2021-01-13 00:00:00+05:30,364.620579664222,377.58772493031535,354.73373105295417,361.5402526855469,318595,0.0,0.0
IGARASHI.NS,2021-01-14 00:00:00+05:30,364.27280582504494,366.061367180416,355.7273931101429,357.1184997558594,91350,0.0,0.0
IGARASHI.NS,2021-01-15 00:00:00+05:30,356.72104350297354,359.05613160738704,343.8035683900525,353.3923034667969,81230,0.0,0.0
IGARASHI.NS,2021-01-18 00:00:00+05:30,361.6892900060802,361.6892900060802,330.8860812418261,338.3384704589844,115534,0.0,0.0
IGARASHI.NS,2021-01-19 00:00:00+05:30,339.8289839753768,350.5107429746028,333.0224617110995,335.2581787109375,103173,0.0,0.0
IGARASHI.NS,2021-01-20 00:00:00+05:30,335.8046918939441,339.8289702009943,329.892450604474,331.4822998046875,128036,0.0,0.0
IGARASHI.NS,2021-01-21 00:00:00+05:30,334.3638636489627,348.7221457033985,323.5827344917968,326.5636901855469,333449,0.0,0.0
IGARASHI.NS,2021-01-22 00:00:00+05:30,324.9241687087762,342.7105315121626,319.9559092483974,322.3406677246094,229254,0.0,0.0
IGARASHI.NS,2021-01-25 00:00:00+05:30,324.4770252359754,330.78672104893417,319.95592108925433,321.396728515625,58059,0.0,0.0
IGARASHI.NS,2021-01-27 00:00:00+05:30,321.39674075828094,323.53308642191314,314.9876734435328,321.69482421875,41618,0.0,0.0
IGARASHI.NS,2021-01-28 00:00:00+05:30,313.05001952596683,321.1979772500953,313.0003490604177,315.7825622558594,44866,0.0,0.0
IGARASHI.NS,2021-01-29 00:00:00+05:30,318.11765665836725,323.4833709706234,314.3417914855555,315.931640625,41076,0.0,0.0
IGARASHI.NS,2021-02-01 00:00:00+05:30,317.52142584411655,325.22222742226023,309.17475664999466,322.24127197265625,62722,0.0,0.0
IGARASHI.NS,2021-02-02 00:00:00+05:30,324.77511693169066,342.6111496477725,323.5827225685876,326.7624206542969,229422,0.0,0.0
IGARASHI.NS,2021-02-03 00:00:00+05:30,329.99180113729926,343.80355644412873,325.0235416511124,326.0668640136719,238755,0.0,0.0
IGARASHI.NS,2021-02-04 00:00:00+05:30,327.60703901465666,337.6428988063499,327.2592547897115,331.3829040527344,131856,0.0,0.0
IGARASHI.NS,2021-02-05 00:00:00+05:30,330.8861001220796,335.75498862367033,321.34703531505124,325.27197265625,105844,0.0,0.0
IGARASHI.NS,2021-02-08 00:00:00+05:30,327.40829409666856,337.5435553909608,323.9305125205279,326.1662292480469,175323,0.0,0.0
IGARASHI.NS,2021-02-09 00:00:00+05:30,328.89877998490863,336.89766567675406,327.060517899075,330.5382995605469,195069,0.0,0.0
IGARASHI.NS,2021-02-10 00:00:00+05:30,330.8861068203422,336.94738991695664,322.58910678575245,326.6630859375,129195,0.0,0.0
IGARASHI.NS,2021-02-11 00:00:00+05:30,328.8987842755003,333.41988836485314,325.7190860139917,326.4643249511719,80025,0.0,0.0
IGARASHI.NS,2021-02-12 00:00:00+05:30,328.40197218754605,335.80469140573166,327.50769148992964,330.240234375,159200,0.0,0.0
IGARASHI.NS,2021-02-15 00:00:00+05:30,334.1651333518562,339.5805485229474,324.17894354238945,325.6197509765625,174732,0.0,0.0
IGARASHI.NS,2021-02-16 00:00:00+05:30,327.1102255043908,330.0414804858274,315.4348153976032,317.6705322265625,158529,0.0,0.0
IGARASHI.NS,2021-02-17 00:00:00+05:30,319.95592353843256,319.95592353843256,307.2868613486344,312.6029052734375,172862,0.0,0.0
IGARASHI.NS,2021-02-18 00:00:00+05:30,314.88830593796195,327.6070694577226,313.00037324348585,315.633544921875,204213,0.0,0.0
IGARASHI.NS,2021-02-19 00:00:00+05:30,318.16735107920886,322.39037166177,313.49717501130726,315.7825622558594,83220,0.0,0.0
IGARASHI.NS,2021-02-22 00:00:00+05:30,317.17370594949875,324.1789398770724,314.2920911137335,316.92529296875,156021,0.0,0.0
IGARASHI.NS,2021-02-23 00:00:00+05:30,318.31640054036654,326.0172029664189,309.2741619495221,319.1610107421875,167614,0.0,0.0
IGARASHI.NS,2021-02-24 00:00:00+05:30,322.241306924168,331.43258722403476,314.9876600062456,317.9189453125,165621,0.0,0.0
IGARASHI.NS,2021-02-25 00:00:00+05:30,319.3100584939874,326.21592131533913,318.0679935631129,319.0616455078125,84441,0.0,0.0
IGARASHI.NS,2021-02-26 00:00:00+05:30,317.9686216041132,321.64514592095105,313.9940138340618,317.32275390625,55988,0.0,0.0
IGARASHI.NS,2021-03-01 00:00:00+05:30,318.9126100893065,326.4146702906469,317.8692573324228,319.70751953125,92257,0.0,0.0
IGARASHI.NS,2021-03-02 00:00:00+05:30,321.3470444456442,324.37770118063804,316.47815580571137,317.3724365234375,71710,0.0,0.0
IGARASHI.NS,2021-03-03 00:00:00+05:30,321.8935311597799,332.2771748696723,319.5087424442341,323.7814636230469,238339,0.0,0.0
IGARASHI.NS,2021-03-04 00:00:00+05:30,318.96225710812985,343.8035543906945,318.96225710812985,335.1091003417969,612677,0.0,0.0
IGARASHI.NS,2021-03-05 00:00:00+05:30,345.79085024795705,354.9324595679597,319.2106627648167,331.7306823730469,610370,0.0,0.0
IGARASHI.NS,2021-03-08 00:00:00+05:30,338.8353064790762,351.7527815061378,331.87974300296617,333.4198913574219,311526,0.0,0.0
IGARASHI.NS,2021-03-09 00:00:00+05:30,336.3511545529833,341.8162397820569,322.78781273105216,325.7687683105469,156361,0.0,0.0
IGARASHI.NS,2021-03-10 00:00:00+05:30,329.49497125143495,330.4886231367988,315.98129954571624,317.6208190917969,201020,0.0,0.0
IGARASHI.NS,2021-03-12 00:00:00+05:30,321.1482921948824,322.9368534072912,310.1684209847256,311.2614440917969,207131,0.0,0.0
IGARASHI.NS,2021-03-15 00:00:00+05:30,313.00035276929765,315.88193725383235,308.03209320153104,309.9697265625,176826,0.0,0.0
IGARASHI.NS,2021-03-16 00:00:00+05:30,312.4538752275268,320.94958747225155,310.01941576267023,311.4105224609375,192478,0.0,0.0
IGARASHI.NS,2021-03-17 00:00:00+05:30,312.70228078660944,318.46544996692285,306.74036908676067,308.0321044921875,134718,0.0,0.0
IGARASHI.NS,2021-03-18 00:00:00+05:30,311.9073157112266,314.6895591396001,291.8355661455003,294.1706237792969,122304,0.0,0.0
IGARASHI.NS,2021-03-19 00:00:00+05:30,292.5310898293129,295.4623748287143,284.68124651377235,289.6495056152344,136371,0.0,0.0
IGARASHI.NS,2021-03-22 00:00:00+05:30,290.6431753998386,299.6854135881589,286.420154902576,288.606201171875,131616,0.0,0.0
IGARASHI.NS,2021-03-23 00:00:00+05:30,289.1526962920879,293.1273038012575,284.5818915917731,285.8736572265625,123138,0.0,0.0
IGARASHI.NS,2021-03-24 00:00:00+05:30,284.7309363526424,289.15269938340595,278.22252861633564,279.3155517578125,103926,0.0,0.0
IGARASHI.NS,2021-03-25 00:00:00+05:30,280.6073194281523,281.2035166943951,265.305084655136,266.5471496582031,155631,0.0,0.0
IGARASHI.NS,2021-03-26 00:00:00+05:30,270.7701712714301,274.89382102602264,264.8579297141275,268.2860412597656,152202,0.0,0.0
IGARASHI.NS,2021-03-30 00:00:00+05:30,272.2606352663735,276.23524308048115,261.3304637775775,264.0133361816406,123472,0.0,0.0
IGARASHI.NS,2021-03-31 00:00:00+05:30,265.3547266399915,275.5396585717934,263.4171236375193,270.7701416015625,122310,0.0,0.0
IGARASHI.NS,2021-04-01 00:00:00+05:30,273.4530016436005,287.16538506382165,272.21093682931064,283.4888610839844,150802,0.0,0.0
IGARASHI.NS,2021-04-05 00:00:00+05:30,283.19081175218497,285.1781156943056,272.7077955870395,276.4339904785156,65415,0.0,0.0
IGARASHI.NS,2021-04-06 00:00:00+05:30,278.7193915583935,304.9021283453162,278.7193915583935,299.4370422363281,356707,0.0,0.0
IGARASHI.NS,2021-04-07 00:00:00+05:30,299.98351325708137,313.99401161214,298.59240661217746,311.857666015625,196023,0.0,0.0
IGARASHI.NS,2021-04-08 00:00:00+05:30,314.3417793956654,330.9854484435317,308.0320838709582,329.3955993652344,395452,0.0,0.0
IGARASHI.NS,2021-04-09 00:00:00+05:30,329.39561923459513,340.32579061191205,323.7317910277179,333.0721435546875,263727,0.0,0.0
IGARASHI.NS,2021-04-12 00:00:00+05:30,325.9178245774478,327.3089311785572,305.4982900756872,317.5214538574219,205351,0.0,0.0
IGARASHI.NS,2021-04-13 00:00:00+05:30,317.52147539025856,330.8861065376096,314.5405194755053,325.9178466796875,83194,0.0,0.0
IGARASHI.NS,2021-04-15 00:00:00+05:30,323.9305235179257,325.917827343189,311.1620903758387,323.7317810058594,67073,0.0,0.0
IGARASHI.NS,2021-04-16 00:00:00+05:30,318.06800709531944,327.9051557015969,318.06800709531944,323.0859375,52421,0.0,0.0
IGARASHI.NS,2021-04-19 00:00:00+05:30,316.8755858546958,320.7011517466528,304.50463785459556,316.7762145996094,76517,0.0,0.0
IGARASHI.NS,2021-04-20 00:00:00+05:30,317.96861794602444,328.898789187919,315.9813140838618,323.1356201171875,81975,0.0,0.0
IGARASHI.NS,2021-04-22 00:00:00+05:30,321.94320292412476,322.1419454258395,313.2984196049562,313.9939880371094,42445,0.0,0.0
IGARASHI.NS,2021-04-23 00:00:00+05:30,320.9495421606898,331.58162890669746,314.98763116080085,320.6514587402344,201053,0.0,0.0
IGARASHI.NS,2021-04-26 00:00:00+05:30,327.80575176122267,345.492773560572,324.8247960974519,332.6249694824219,326088,0.0,0.0
IGARASHI.NS,2021-04-27 00:00:00+05:30,335.85432756746246,356.72101655834035,335.85432756746246,348.82147216796875,780587,0.0,0.0
IGARASHI.NS,2021-04-28 00:00:00+05:30,348.97057461797317,370.0359776217116,348.97057461797317,363.5772399902344,611379,0.0,0.0
IGARASHI.NS,2021-04-29 00:00:00+05:30,371.576141796727,381.5623313068588,363.7759682820642,372.5697937011719,435380,0.0,0.0
IGARASHI.NS,2021-04-30 00:00:00+05:30,367.65122344641424,371.3277478104188,353.74009607276616,359.2548522949219,143848,0.0,0.0
IGARASHI.NS,2021-05-03 00:00:00+05:30,349.0202510547852,374.75583076174144,349.0202510547852,363.9747009277344,127626,0.0,0.0
IGARASHI.NS,2021-05-04 00:00:00+05:30,366.9059434706633,369.8372285405909,349.1195815242619,352.15020751953125,89899,0.0,0.0
IGARASHI.NS,2021-05-05 00:00:00+05:30,349.9642289298959,372.66915172898695,349.9642289298959,369.7875671386719,179137,0.0,0.0
IGARASHI.NS,2021-05-06 00:00:00+05:30,373.11628564399234,443.7152404785156,373.11628564399234,443.7152404785156,1809489,0.0,0.0
IGARASHI.NS,2021-05-07 00:00:00+05:30,455.0925684210086,461.054479797703,415.346492576379,419.91729736328125,586042,0.0,0.0
IGARASHI.NS,2021-05-10 00:00:00+05:30,424.090657106342,503.88093007956945,421.9046409231488,496.97503662109375,1438329,0.0,0.0
IGARASHI.NS,2021-05-11 00:00:00+05:30,481.92118763684704,525.592202233685,469.84832271236417,502.4400939941406,873442,0.0,0.0
IGARASHI.NS,2021-05-12 00:00:00+05:30,501.79423481936243,505.7688426199118,473.22674125291354,477.54913330078125,191768,0.0,0.0
IGARASHI.NS,2021-05-14 00:00:00+05:30,477.69815103306337,485.8957792099178,448.1370070013761,451.4160461425781,85857,0.0,0.0
IGARASHI.NS,2021-05-17 00:00:00+05:30,455.0428936906557,480.33131601546495,442.17508962702624,464.5322570800781,75018,0.0,0.0
IGARASHI.NS,2021-05-18 00:00:00+05:30,468.20880340008495,480.87786555776626,457.1792608686275,458.66973876953125,32706,0.0,0.0
IGARASHI.NS,2021-05-19 00:00:00+05:30,461.99845598545625,475.9592528379053,458.12318937550475,462.5449523925781,64521,0.0,0.0
IGARASHI.NS,2021-05-20 00:00:00+05:30,465.973077819412,467.7119686712241,451.5651250472548,452.80718994140625,35120,0.0,0.0
IGARASHI.NS,2021-05-21 00:00:00+05:30,457.775445966192,493.84499808295226,457.775445966192,472.8789367675781,243394,0.0,0.0
IGARASHI.NS,2021-05-24 00:00:00+05:30,475.412760140451,481.3249707070672,468.65590907651205,470.4941711425781,66821,0.0,0.0
IGARASHI.NS,2021-05-25 00:00:00+05:30,473.971980019981,482.21927907317826,462.04815662325194,477.05230712890625,97950,0.0,0.0
IGARASHI.NS,2021-05-26 00:00:00+05:30,476.9529324685104,481.3746957428109,452.1116339024422,453.60211181640625,237385,0.0,0.0
IGARASHI.NS,2021-05-27 00:00:00+05:30,454.8938516432847,456.88115554792785,431.2449473075712,434.02716064453125,191498,0.0,0.0
IGARASHI.NS,2021-05-28 00:00:00+05:30,431.2449100587525,446.54714273800306,430.00284522563396,432.1391906738281,105136,0.0,0.0
IGARASHI.NS,2021-05-31 00:00:00+05:30,434.22586335517417,452.111596857218,423.3950641325951,427.4193420410156,186282,0.0,0.0
IGARASHI.NS,2021-06-01 00:00:00+05:30,432.18892168614957,438.20050376931766,415.3465092416662,416.63824462890625,93223,0.0,0.0
IGARASHI.NS,2021-06-02 00:00:00+05:30,420.7122063010887,437.1074625694795,416.73759872087277,418.92364501953125,136169,0.0,0.0
IGARASHI.NS,2021-06-03 00:00:00+05:30,423.0969565686602,433.23221783094186,422.30204719759246,427.8168029785156,115449,0.0,0.0
IGARASHI.NS,2021-06-04 00:00:00+05:30,430.25128003100417,432.13921260840254,422.8982619104868,426.27667236328125,44721,0.0,0.0
IGARASHI.NS,2021-06-07 00:00:00+05:30,442.7215899276119,460.06082763429737,440.2374601887658,446.6961975097656,397606,0.0,0.0
IGARASHI.NS,2021-06-08 00:00:00+05:30,448.13702321251566,455.1422572329715,442.72160803085075,446.39813232421875,136974,0.0,0.0
IGARASHI.NS,2021-06-09 00:00:00+05:30,448.13699411794755,492.90099880661995,448.13699411794755,462.3959045410156,970296,0.0,0.0
IGARASHI.NS,2021-06-10 00:00:00+05:30,467.0164003045078,482.7657892306106,462.0481407268002,467.5628967285156,154189,0.0,0.0
IGARASHI.NS,2021-06-11 00:00:00+05:30,471.2890858972035,483.85880674080414,467.0163948399101,468.9043273925781,115408,0.0,0.0
IGARASHI.NS,2021-06-14 00:00:00+05:30,471.58719067052715,482.8154448411246,453.2543012633301,475.8102111816406,232660,0.0,0.0
IGARASHI.NS,2021-06-15 00:00:00+05:30,477.94657628913586,500.3037446186692,476.9529243633788,478.9898986816406,418601,0.0,0.0
IGARASHI.NS,2021-06-16 00:00:00+05:30,481.82183699908165,486.69072561571545,475.0153149001034,478.09564208984375,91891,0.0,0.0
IGARASHI.NS,2021-06-17 00:00:00+05:30,473.9222914960459,476.9529176977102,455.09257563656513,463.5882873535156,80423,0.0,0.0
IGARASHI.NS,2021-06-18 00:00:00+05:30,466.91703685366116,470.3948186161947,446.1497175364453,456.68243408203125,104497,0.0,0.0
IGARASHI.NS,2021-06-21 00:00:00+05:30,447.14335170754856,462.99211152538913,439.9393754855936,457.2289123535156,63590,0.0,0.0
IGARASHI.NS,2021-06-22 00:00:00+05:30,462.04814876270063,474.02164242367775,454.0989333001165,457.42767333984375,69230,0.0,0.0
IGARASHI.NS,2021-06-23 00:00:00+05:30,461.99845284594255,479.8841866515029,453.20462766010564,455.8377990722656,104832,0.0,0.0
IGARASHI.NS,2021-06-24 00:00:00+05:30,460.01117325808303,481.87151572450045,458.5703658296199,469.20245361328125,403229,0.0,0.0
IGARASHI.NS,2021-06-25 00:00:00+05:30,471.8852946032552,495.68327041146284,471.8852946032552,481.7224426269531,549815,0.0,0.0
IGARASHI.NS,2021-06-28 00:00:00+05:30,494.83865853989835,511.43265781324624,487.0881856561629,492.2551574707031,595592,0.0,0.0
IGARASHI.NS,2021-06-29 00:00:00+05:30,495.73294211979544,522.2137600059547,490.0691443095917,499.2107238769531,474143,0.0,0.0
IGARASHI.NS,2021-06-30 00:00:00+05:30,503.1853246689494,525.0456971652753,493.84500271457057,497.3227844238281,259921,0.0,0.0
IGARASHI.NS,2021-07-01 00:00:00+05:30,501.19800960670733,514.5626093957073,497.0246898434035,499.5088195800781,177092,0.0,0.0
IGARASHI.NS,2021-07-02 00:00:00+05:30,502.88722767388805,510.98548451390843,492.0564281359324,494.5405578613281,102426,0.0,0.0
IGARASHI.NS,2021-07-05 00:00:00+05:30,498.41582127505103,508.74979542995175,497.02471461794244,501.0986633300781,92957,0.0,0.0
IGARASHI.NS,2021-07-06 00:00:00+05:30,502.98661349707663,541.3415533090889,500.30374118639804,514.314208984375,1038392,0.0,0.0
IGARASHI.NS,2021-07-07 00:00:00+05:30,518.4378908276512,530.7591989319884,516.5996590291728,519.282470703125,166771,0.0,0.0
IGARASHI.NS,2021-07-08 00:00:00+05:30,519.6303139014424,546.2601747759879,518.6863323930254,530.0636596679688,403021,0.0,0.0
IGARASHI.NS,2021-07-09 00:00:00+05:30,534.2369699408754,557.3890471527023,523.1080564970305,550.483154296875,339827,0.0,0.0
IGARASHI.NS,2021-07-12 00:00:00+05:30,552.3711003434302,578.1066474600909,551.6755319029372,566.2822265625,643645,0.0,0.0
IGARASHI.NS,2021-07-13 00:00:00+05:30,569.362519753205,583.2736458902816,555.550734543743,559.32666015625,312149,0.0,0.0
IGARASHI.NS,2021-07-14 00:00:00+05:30,562.5063637908326,566.1828882605689,536.5720712717782,539.0065307617188,177209,0.0,0.0
IGARASHI.NS,2021-07-15 00:00:00+05:30,542.5339120964508,559.2272511083409,539.1058010717967,544.1734619140625,200460,0.0,0.0
IGARASHI.NS,2021-07-16 00:00:00+05:30,546.3594574249225,554.4577444387975,537.5656626189775,539.5032958984375,183906,0.0,0.0
IGARASHI.NS,2021-07-19 00:00:00+05:30,533.2930270182202,536.6714073440037,519.4315698398681,525.8406372070312,91303,0.0,0.0
IGARASHI.NS,2021-07-20 00:00:00+05:30,523.6545264066062,528.6227856704261,505.470709630565,518.6365966796875,114854,0.0,0.0
IGARASHI.NS,2021-07-22 00:00:00+05:30,521.9156732957356,531.2062945298779,511.929483584967,521.0213623046875,109158,0.0,0.0
IGARASHI.NS,2021-07-23 00:00:00+05:30,523.0583933183705,551.37747295019,520.0277064536474,540.0994873046875,302952,0.0,0.0
IGARASHI.NS,2021-07-26 00:00:00+05:30,542.5339300605688,550.4831451530314,529.1196295920382,530.610107421875,124559,0.0,0.0
IGARASHI.NS,2021-07-27 00:00:00+05:30,533.8891382131501,556.2463053129277,532.6470733742735,538.758056640625,178507,0.0,0.0
IGARASHI.NS,2021-07-28 00:00:00+05:30,541.0434448781758,545.4155373786945,522.2137297542536,540.9937744140625,141117,0.0,0.0
IGARASHI.NS,2021-07-29 00:00:00+05:30,544.0327374920952,545.9757237176158,518.1264166591383,523.05859375,127273,129.84299,0.0
IGARASHI.NS,2021-07-30 00:00:00+05:30,523.9553291499165,538.0045630984378,522.1120190575862,525.8983154296875,180979,0.0,0.0
IGARASHI.NS,2021-08-02 00:00:00+05:30,527.9908398078064,543.8833246655752,527.9908398078064,535.2645263671875,88793,0.0,0.0
IGARASHI.NS,2021-08-03 00:00:00+05:30,537.5562031328163,551.0573708630931,530.0832253320821,541.8406982421875,131407,0.0,0.0
IGARASHI.NS,2021-08-04 00:00:00+05:30,545.9757759042085,551.7548666332085,520.169067973955,525.300537109375,92662,0.0,0.0
IGARASHI.NS,2021-08-05 00:00:00+05:30,527.9908078907889,531.0796143422903,497.20211549118727,503.92779541015625,164644,0.0,0.0
IGARASHI.NS,2021-08-06 00:00:00+05:30,507.06644186629677,522.5604339084516,498.79635869044506,504.9241943359375,101435,0.0,0.0
IGARASHI.NS,2021-08-09 00:00:00+05:30,508.71050136573473,520.3683590057933,480.26337777078487,487.7861633300781,486661,0.0,0.0
IGARASHI.NS,2021-08-10 00:00:00+05:30,489.23092034314726,495.9566000016325,453.06172189834257,465.6661376953125,151363,0.0,0.0
IGARASHI.NS,2021-08-11 00:00:00+05:30,468.2069622848552,490.7255414352888,436.42190283991164,481.7081604003906,220109,0.0,0.0
IGARASHI.NS,2021-08-12 00:00:00+05:30,487.63670396333623,498.1985186400297,483.25256308082885,487.88580322265625,119733,0.0,0.0
IGARASHI.NS,2021-08-13 00:00:00+05:30,489.1312819232338,497.2021037163872,474.28497268336736,485.09588623046875,74957,0.0,0.0
IGARASHI.NS,2021-08-16 00:00:00+05:30,486.88938486368374,486.88938486368374,446.88405165031406,453.260986328125,167089,0.0,0.0
IGARASHI.NS,2021-08-17 00:00:00+05:30,448.3288713857637,463.2748273549618,441.70280657998563,446.0371398925781,104910,0.0,0.0
IGARASHI.NS,2021-08-18 00:00:00+05:30,447.7808367794097,454.8552620516616,434.9273206693325,437.26885986328125,61864,0.0,0.0
IGARASHI.NS,2021-08-20 00:00:00+05:30,431.68900274582336,466.66254372954864,428.5005201643397,460.8834228515625,217451,0.0,0.0
IGARASHI.NS,2021-08-23 00:00:00+05:30,465.7657789081054,469.0040690822875,429.6961961895509,447.7309875488281,148960,0.0,0.0
IGARASHI.NS,2021-08-24 00:00:00+05:30,448.37865560406055,483.2525510399319,445.33965687912695,476.7759704589844,183997,0.0,0.0
IGARASHI.NS,2021-08-25 00:00:00+05:30,477.27415500394636,490.22731578693447,475.4806525970433,482.156494140625,96276,0.0,0.0
IGARASHI.NS,2021-08-26 00:00:00+05:30,484.74713627873365,529.8839078226251,483.25254079174886,515.5358276367188,728789,0.0,0.0
IGARASHI.NS,2021-08-27 00:00:00+05:30,521.9127419131976,525.5994230149299,508.16247533197014,511.25128173828125,130870,0.0,0.0
IGARASHI.NS,2021-08-30 00:00:00+05:30,516.0340538553305,529.585029339228,507.0664500440312,514.041259765625,125416,0.0,0.0
IGARASHI.NS,2021-08-31 00:00:00+05:30,516.6318483530491,518.8239339324471,501.48660167704634,505.6216735839844,49905,0.0,0.0
IGARASHI.NS,2021-09-01 00:00:00+05:30,508.0628371337858,512.0982633309432,499.69310820254617,502.3833923339844,39577,0.0,0.0
IGARASHI.NS,2021-09-02 00:00:00+05:30,502.383386974808,519.1228446587191,502.383386974808,509.15887451171875,76939,0.0,0.0
IGARASHI.NS,2021-09-03 00:00:00+05:30,510.65346632096566,515.984165984754,501.187694750138,504.0772399902344,49159,0.0,0.0
IGARASHI.NS,2021-09-06 00:00:00+05:30,506.86717864706,521.0160285613833,504.27654030121744,505.4721984863281,59156,0.0,0.0
IGARASHI.NS,2021-09-07 00:00:00+05:30,509.009422324873,516.3329464829145,500.93860040392155,503.4794006347656,54417,0.0,0.0
IGARASHI.NS,2021-09-08 00:00:00+05:30,506.56824335190515,516.1336609097497,503.37979110437306,504.9241943359375,52354,0.0,0.0
IGARASHI.NS,2021-09-09 00:00:00+05:30,503.67870980918303,511.64988622554995,503.1805112831601,504.72491455078125,34125,0.0,0.0
IGARASHI.NS,2021-09-13 00:00:00+05:30,505.2729508223828,514.1408784978952,505.2729508223828,509.3581848144531,54488,0.0,0.0
IGARASHI.NS,2021-09-14 00:00:00+05:30,512.1480879887172,547.9187667093598,511.35098250509213,540.64501953125,412482,0.0,0.0
IGARASHI.NS,2021-09-15 00:00:00+05:30,544.9295781437299,552.8010784531887,523.1084581354098,527.2435302734375,168379,0.0,0.0
IGARASHI.NS,2021-09-16 00:00:00+05:30,529.8839518169196,546.0255965795853,523.3575631449402,527.1438598632812,151200,0.0,0.0
IGARASHI.NS,2021-09-17 00:00:00+05:30,530.8803161358916,530.8803161358916,504.9241861214121,510.205078125,89327,0.0,0.0
IGARASHI.NS,2021-09-20 00:00:00+05:30,506.1696837015151,527.0940210198848,503.1804926560337,520.4679565429688,154070,0.0,0.0
IGARASHI.NS,2021-09-21 00:00:00+05:30,523.1084286261226,523.3077201905534,510.0556217541175,511.7993469238281,62291,0.0,0.0
IGARASHI.NS,2021-09-22 00:00:00+05:30,513.2939848710843,521.1156776958679,508.26216132562126,511.60009765625,38035,0.0,0.0
IGARASHI.NS,2021-09-23 00:00:00+05:30,512.9452414309259,522.7597898623884,512.7958183473539,514.1409301757812,37276,0.0,0.0
IGARASHI.NS,2021-09-24 00:00:00+05:30,516.1336334763637,532.8730905071427,508.3119111346279,520.8167114257812,120797,0.0,0.0
IGARASHI.NS,2021-09-27 00:00:00+05:30,523.5070013554275,562.964297719016,514.1408453504642,550.5591430664062,765524,0.0,0.0
IGARASHI.NS,2021-09-28 00:00:00+05:30,553.0003405053577,554.6942275852704,531.3287055396072,534.9157104492188,120972,0.0,0.0
IGARASHI.NS,2021-09-29 00:00:00+05:30,529.8839157147979,534.6666091813341,518.1264432051158,519.5214233398438,91570,0.0,0.0
IGARASHI.NS,2021-09-30 00:00:00+05:30,522.5604308788581,529.784309295656,512.1978775134904,519.3719482421875,83388,0.0,0.0
IGARASHI.NS,2021-10-01 00:00:00+05:30,516.1336850267921,521.1156704034986,509.20871319011985,512.7459106445312,59590,0.0,0.0
IGARASHI.NS,2021-10-04 00:00:00+05:30,516.5322394389295,525.0016141080249,512.6960744231906,515.2867431640625,63481,0.0,0.0
IGARASHI.NS,2021-10-05 00:00:00+05:30,516.1336344503122,525.5994057384936,513.3935427616282,516.681640625,97699,0.0,0.0
IGARASHI.NS,2021-10-06 00:00:00+05:30,518.0766168889892,532.9727637585538,516.6318291189538,517.7777099609375,97693,0.0,0.0
IGARASHI.NS,2021-10-07 00:00:00+05:30,522.9091493276336,532.9727958226056,518.2260711222702,521.36474609375,165893,0.0,0.0
IGARASHI.NS,2021-10-08 00:00:00+05:30,523.0088537809777,537.008220649821,519.2224962091182,525.0016479492188,98822,0.0,0.0
IGARASHI.NS,2021-10-11 00:00:00+05:30,527.3431218661924,534.5670002479211,523.1084345389721,527.6420288085938,154689,0.0,0.0
IGARASHI.NS,2021-10-12 00:00:00+05:30,526.0976274235353,537.75548473972,526.0976274235353,531.727294921875,72327,0.0,0.0
IGARASHI.NS,2021-10-13 00:00:00+05:30,533.5705812001235,587.8742164483153,533.1221903974105,580.5008544921875,797433,0.0,0.0
IGARASHI.NS,2021-10-14 00:00:00+05:30,585.0843659754693,611.7379873386883,561.8683266333603,578.6575927734375,721202,0.0,0.0
IGARASHI.NS,2021-10-18 00:00:00+05:30,583.1911167324297,593.9023838358405,566.7007595409248,572.6293334960938,203830,0.0,0.0
IGARASHI.NS,2021-10-19 00:00:00+05:30,572.6293783796939,599.2331909220446,566.9499032143217,577.0134887695312,250745,0.0,0.0
IGARASHI.NS,2021-10-20 00:00:00+05:30,577.860526460364,586.8779083043665,553.0502136507669,580.0526123046875,148358,0.0,0.0
IGARASHI.NS,2021-10-21 00:00:00+05:30,582.8922298876228,582.8922298876228,570.7859823253972,573.3268432617188,50176,0.0,0.0
IGARASHI.NS,2021-10-22 00:00:00+05:30,576.216404280143,592.656955674424,543.0363945383715,554.0465698242188,78376,0.0,0.0
IGARASHI.NS,2021-10-25 00:00:00+05:30,556.8364561121664,567.9463073272103,529.4355377762045,532.673828125,86911,0.0,0.0
IGARASHI.NS,2021-10-26 00:00:00+05:30,536.3605501062594,550.609016561918,536.3605501062594,538.154052734375,71143,0.0,0.0
IGARASHI.NS,2021-10-27 00:00:00+05:30,540.0471557558697,553.0999316888159,518.1264224964063,519.8701171875,111290,0.0,0.0
IGARASHI.NS,2021-10-28 00:00:00+05:30,521.8630044840653,524.8521959178643,509.2087485845987,512.1481323242188,87345,0.0,0.0
IGARASHI.NS,2021-10-29 00:00:00+05:30,514.7386675083467,523.1084266610218,503.5790393174856,510.8029479980469,64257,0.0,0.0
IGARASHI.NS,2021-11-01 00:00:00+05:30,515.0875002805875,532.5742574694331,513.9416192733078,523.706298828125,39478,0.0,0.0
IGARASHI.NS,2021-11-02 00:00:00+05:30,525.9980221314529,544.9793735944535,525.5496313000712,538.7518920898438,167216,0.0,0.0
IGARASHI.NS,2021-11-03 00:00:00+05:30,543.0364298989932,548.5166140539372,523.0088721315723,526.745361328125,65324,0.0,0.0
IGARASHI.NS,2021-11-04 00:00:00+05:30,529.0868415320843,538.2038990032289,528.3395437333102,534.4175415039062,9864,0.0,0.0
IGARASHI.NS,2021-11-08 00:00:00+05:30,535.8623281834405,552.0039727630267,533.7699186777675,546.7728881835938,68831,0.0,0.0
IGARASHI.NS,2021-11-09 00:00:00+05:30,547.0220044576075,563.9607550510125,544.929594886876,552.6516723632812,143974,0.0,0.0
IGARASHI.NS,2021-11-10 00:00:00+05:30,549.0147325757011,552.053731182808,516.1336324395884,521.8629150390625,149202,0.0,0.0
IGARASHI.NS,2021-11-11 00:00:00+05:30,521.1156202407875,522.8095072688641,512.8953451605074,518.7242431640625,50179,0.0,0.0
IGARASHI.NS,2021-11-12 00:00:00+05:30,521.6138321546924,523.6066261648346,507.1660755811623,508.2122802734375,53626,0.0,0.0
IGARASHI.NS,2021-11-15 00:00:00+05:30,510.1552837375101,514.9877850483772,499.19491631346204,504.32635498046875,60809,0.0,0.0
IGARASHI.NS,2021-11-16 00:00:00+05:30,506.66790780342893,530.0832388425255,504.37620671584403,514.88818359375,181523,0.0,0.0
IGARASHI.NS,2021-11-17 00:00:00+05:30,514.8881599084631,524.8023224171134,499.6931053586729,500.8887939453125,104790,0.0,0.0
IGARASHI.NS,2021-11-18 00:00:00+05:30,499.19490081928615,509.35816246009347,479.96445073520533,483.50164794921875,98539,0.0,0.0
IGARASHI.NS,2021-11-22 00:00:00+05:30,474.18533657607696,485.89300158180674,465.2676014758614,469.5022888183594,78927,0.0,0.0
IGARASHI.NS,2021-11-23 00:00:00+05:30,468.3066143293766,481.75797452819916,462.9758840209109,475.43084716796875,40040,0.0,0.0
IGARASHI.NS,2021-11-24 00:00:00+05:30,479.1175291835682,515.1372765805477,476.5268907633403,508.31195068359375,310228,0.0,0.0
IGARASHI.NS,2021-11-25 00:00:00+05:30,508.4613679420407,509.6570564839377,493.266313960848,500.6894836425781,77171,0.0,0.0
IGARASHI.NS,2021-11-26 00:00:00+05:30,493.21651630968165,497.20210432026494,467.3101942408903,472.7405700683594,45810,0.0,0.0
IGARASHI.NS,2021-11-29 00:00:00+05:30,483.25254124094596,492.96741191537734,458.3426164347116,471.7939758300781,85311,0.0,0.0
IGARASHI.NS,2021-11-30 00:00:00+05:30,474.58388968399527,510.10546786448697,474.58388968399527,493.6649169921875,263092,0.0,0.0
IGARASHI.NS,2021-12-01 00:00:00+05:30,496.15591471567143,512.7458888249782,495.2093253713285,502.8317565917969,87340,0.0,0.0
IGARASHI.NS,2021-12-02 00:00:00+05:30,502.83176829309383,517.1300721300449,501.03826575511476,504.1769104003906,49800,0.0,0.0
IGARASHI.NS,2021-12-03 00:00:00+05:30,506.16971879699145,525.1012633976663,505.1733217127454,516.7813720703125,175899,0.0,0.0
IGARASHI.NS,2021-12-06 00:00:00+05:30,508.6606607967257,520.6672323018462,488.1348768260483,491.92120361328125,48041,0.0,0.0
IGARASHI.NS,2021-12-07 00:00:00+05:30,495.1096804766377,523.1084432341223,493.21653219217245,516.1834716796875,99299,0.0,0.0
IGARASHI.NS,2021-12-08 00:00:00+05:30,520.4181339816612,542.4883515627955,512.9451565815361,529.9835815429688,103699,0.0,0.0
IGARASHI.NS,2021-12-09 00:00:00+05:30,530.0832281244025,531.3785321203032,519.3221521977089,522.2615356445312,19555,0.0,0.0
IGARASHI.NS,2021-12-10 00:00:00+05:30,523.108425835719,546.5237553731274,519.770520206485,527.79150390625,53065,0.0,0.0
IGARASHI.NS,2021-12-13 00:00:00+05:30,528.2897415164499,537.954805310447,518.275963072179,520.9661865234375,21401,0.0,0.0
IGARASHI.NS,2021-12-14 00:00:00+05:30,523.6066751776051,532.9229637209819,518.1264911367358,520.7669677734375,43779,0.0,0.0
IGARASHI.NS,2021-12-15 00:00:00+05:30,521.3149343078647,541.0933908773592,520.1192457178776,522.4607543945312,92938,0.0,0.0
IGARASHI.NS,2021-12-16 00:00:00+05:30,526.0976614430665,530.0832497873321,514.8881942248194,515.735107421875,30798,0.0,0.0
IGARASHI.NS,2021-12-17 00:00:00+05:30,518.3257462890273,519.2723356289699,493.31617479696416,495.1595153808594,104662,0.0,0.0
IGARASHI.NS,2021-12-20 00:00:00+05:30,485.7933557447613,492.2201286974845,469.3029971994235,485.44464111328125,124242,0.0,0.0
IGARASHI.NS,2021-12-21 00:00:00+05:30,484.2489437798464,492.66851062384166,479.5160580124508,482.5052490234375,189750,0.0,0.0
IGARASHI.NS,2021-12-22 00:00:00+05:30,484.946475449876,501.038282358041,480.2633969678445,481.80780029296875,79310,0.0,0.0
IGARASHI.NS,2021-12-23 00:00:00+05:30,485.24535832669056,495.95662650330644,482.256167207635,485.295166015625,39363,0.0,0.0
IGARASHI.NS,2021-12-24 00:00:00+05:30,487.13852894061404,488.13492602595284,476.72619764339913,480.8114013671875,25098,0.0,0.0
IGARASHI.NS,2021-12-27 00:00:00+05:30,478.2705541652891,480.562255074282,474.7831647078339,476.9752502441406,22345,0.0,0.0
IGARASHI.NS,2021-12-28 00:00:00+05:30,479.21714916143065,493.7147133437945,479.21714916143065,481.50885009765625,52110,0.0,0.0
IGARASHI.NS,2021-12-29 00:00:00+05:30,483.75077139182395,489.18114751797475,475.08210482896163,478.4698791503906,61343,0.0,0.0
IGARASHI.NS,2021-12-30 00:00:00+05:30,480.76157386751436,488.7825579109588,479.8149845123938,483.2027587890625,31736,0.0,0.0
IGARASHI.NS,2021-12-31 00:00:00+05:30,484.2489567158385,488.1847371484922,479.266971564441,481.259765625,23271,0.0,0.0
IGARASHI.NS,2022-01-03 00:00:00+05:30,483.3023422574541,503.03102067629004,483.3023422574541,499.6930847167969,137201,0.0,0.0
IGARASHI.NS,2022-01-04 00:00:00+05:30,502.1343147269958,503.92781728686475,491.0244630894797,492.7681579589844,37969,0.0,0.0
IGARASHI.NS,2022-01-05 00:00:00+05:30,495.1096911400716,497.5010379934064,491.5724937536415,494.4122314453125,18611,0.0,0.0
IGARASHI.NS,2022-01-06 00:00:00+05:30,492.76813528862925,532.6738238746237,485.2453499321961,522.4607543945312,199873,0.0,0.0
IGARASHI.NS,2022-01-07 00:00:00+05:30,533.0724134692163,533.0724134692163,513.6426712960392,519.2723388671875,89430,0.0,0.0
IGARASHI.NS,2022-01-10 00:00:00+05:30,521.9127435076573,527.3929270819011,518.2260623946621,521.5142211914062,24551,0.0,0.0
IGARASHI.NS,2022-01-11 00:00:00+05:30,521.613848016716,524.0052252277059,510.8029645090402,513.0946655273438,28068,0.0,0.0
IGARASHI.NS,2022-01-12 00:00:00+05:30,530.5315609977835,540.8940526481463,519.5213870126044,524.2542724609375,131386,0.0,0.0
IGARASHI.NS,2022-01-13 00:00:00+05:30,533.072453262627,534.0688503715292,517.1300995201933,528.8875732421875,55262,0.0,0.0
IGARASHI.NS,2022-01-14 00:00:00+05:30,529.086823828875,538.8016948878798,510.15528022671185,512.0982666015625,164815,0.0,0.0
IGARASHI.NS,2022-01-17 00:00:00+05:30,519.8203400339728,519.8203400339728,490.22733623249803,491.07427978515625,203946,0.0,0.0
IGARASHI.NS,2022-01-18 00:00:00+05:30,494.9602407667822,507.91340257849464,488.2345605953161,492.8179931640625,93666,0.0,0.0
IGARASHI.NS,2022-01-19 00:00:00+05:30,496.20571206688146,496.20571206688146,476.57667876383687,478.32037353515625,96032,0.0,0.0
IGARASHI.NS,2022-01-20 00:00:00+05:30,480.56230615852706,487.23817884978524,470.7976268027066,473.0395202636719,64817,0.0,0.0
IGARASHI.NS,2022-01-21 00:00:00+05:30,468.35640136929067,470.74777851419094,453.46028434674747,461.3816223144531,94310,0.0,0.0
IGARASHI.NS,2022-01-24 00:00:00+05:30,460.4350962074255,463.8726478848028,421.4759643437694,442.84869384765625,125247,0.0,0.0
IGARASHI.NS,2022-01-25 00:00:00+05:30,462.32824030044685,462.32824030044685,442.54975238710307,452.16497802734375,60471,0.0,0.0
IGARASHI.NS,2022-01-27 00:00:00+05:30,450.86965114425806,468.4560524499071,437.9164898959147,457.6949768066406,51156,0.0,0.0
IGARASHI.NS,2022-01-28 00:00:00+05:30,458.59173470468795,465.36722236997474,443.39667994260975,448.328857421875,57191,0.0,0.0
IGARASHI.NS,2022-01-31 00:00:00+05:30,453.46028513354855,466.7621912927365,443.59596082040173,447.4819030761719,49414,0.0,0.0
IGARASHI.NS,2022-02-01 00:00:00+05:30,450.17216779368204,461.0329197902737,443.54613359917266,458.0935363769531,36665,0.0,0.0
IGARASHI.NS,2022-02-02 00:00:00+05:30,460.38523755691716,465.3672227286515,454.35704766216844,456.54913330078125,31996,0.0,0.0
IGARASHI.NS,2022-02-03 00:00:00+05:30,458.5419299734247,475.978878173515,445.3894768823068,448.2790222167969,309883,0.0,0.0
IGARASHI.NS,2022-02-04 00:00:00+05:30,452.06534691845087,453.90865710700314,446.3858716562039,451.9158630371094,30211,0.0,0.0
IGARASHI.NS,2022-02-07 00:00:00+05:30,449.5245006888853,453.2609894407174,447.38225321935965,450.1223449707031,18160,0.0,0.0
IGARASHI.NS,2022-02-08 00:00:00+05:30,450.371435742783,451.8660312153807,427.952503653817,436.3720703125,37476,0.0,0.0
IGARASHI.NS,2022-02-09 00:00:00+05:30,441.4038868033194,445.7880276787575,421.87449882259574,423.1199951171875,69577,0.0,0.0
IGARASHI.NS,2022-02-10 00:00:00+05:30,400.5516006190951,423.3690862146282,391.9825801959678,412.45855712890625,192230,0.0,0.0
IGARASHI.NS,2022-02-11 00:00:00+05:30,407.52638678478075,414.5509737093416,391.23528920220167,395.3703308105469,77046,0.0,0.0
IGARASHI.NS,2022-02-14 00:00:00+05:30,387.4988039212115,395.56962605062057,376.6380822345959,387.59844970703125,57652,0.0,0.0
IGARASHI.NS,2022-02-15 00:00:00+05:30,389.5414465831494,395.469990903607,375.64169529703906,391.53424072265625,39012,0.0,0.0
IGARASHI.NS,2022-02-16 00:00:00+05:30,398.55880380715996,398.55880380715996,389.69087650397535,391.9327697753906,35134,0.0,0.0
IGARASHI.NS,2022-02-17 00:00:00+05:30,398.06062908481243,398.06062908481243,383.9117785412758,384.8583679199219,29532,0.0,0.0
IGARASHI.NS,2022-02-18 00:00:00+05:30,384.60923544481517,386.8013209705031,373.8979678773754,375.64166259765625,38143,0.0,0.0
IGARASHI.NS,2022-02-21 00:00:00+05:30,373.6488984589714,375.29294753066586,358.9022340961741,362.28997802734375,33033,0.0,0.0
IGARASHI.NS,2022-02-22 00:00:00+05:30,350.73177139996693,358.6033022333843,342.01329696885983,357.05889892578125,74026,0.0,0.0
IGARASHI.NS,2022-02-23 00:00:00+05:30,358.80260095738674,382.61648551049933,357.9556573428304,375.94061279296875,54374,0.0,0.0
IGARASHI.NS,2022-02-24 00:00:00+05:30,363.6849086004592,368.66689364978055,347.79236413007465,352.32598876953125,83147,0.0,0.0
IGARASHI.NS,2022-02-25 00:00:00+05:30,363.5852513863686,363.5852513863686,353.6711196945061,360.7455139160156,54088,0.0,0.0
IGARASHI.NS,2022-02-28 00:00:00+05:30,353.72095629699663,366.37521112193923,350.731765117022,361.7917785644531,38309,0.0,0.0
IGARASHI.NS,2022-03-02 00:00:00+05:30,360.69571923114563,363.63510258682464,356.7101311733429,357.95562744140625,24768,0.0,0.0
IGARASHI.NS,2022-03-03 00:00:00+05:30,359.7491445724603,371.6561015436791,350.6321176000318,359.2509460449219,83961,0.0,0.0
IGARASHI.NS,2022-03-04 00:00:00+05:30,353.3223930024782,358.1549246806376,346.39742147930264,348.09130859375,42893,0.0,0.0
IGARASHI.NS,2022-03-07 00:00:00+05:30,335.78577251550286,338.77496336875663,323.97846256362624,329.50848388671875,34248,0.0,0.0
IGARASHI.NS,2022-03-08 00:00:00+05:30,326.8182232356633,349.2371562320122,326.8182232356633,346.5967102050781,68268,0.0,0.0
IGARASHI.NS,2022-03-09 00:00:00+05:30,348.3403927611123,366.47479968120814,344.7533575261366,359.15130615234375,71196,0.0,0.0
IGARASHI.NS,2022-03-10 00:00:00+05:30,363.93399438410086,375.5918511311169,358.2047117894162,365.9267883300781,58321,0.0,0.0
IGARASHI.NS,2022-03-11 00:00:00+05:30,367.77015261165093,369.6134932124951,363.7845644617715,365.52825927734375,20178,0.0,0.0
IGARASHI.NS,2022-03-14 00:00:00+05:30,367.3217626641546,367.3217626641546,352.7743598006226,354.71734619140625,32369,0.0,0.0
IGARASHI.NS,2022-03-15 00:00:00+05:30,356.4610153623727,367.37157432686945,344.85299676473113,346.39739990234375,67012,0.0,0.0
IGARASHI.NS,2022-03-16 00:00:00+05:30,349.7353596756994,361.6921241090566,343.75697745902073,358.8523864746094,128056,0.0,0.0
IGARASHI.NS,2022-03-17 00:00:00+05:30,361.791773610588,374.69509711622345,355.763553235606,362.3896179199219,114415,0.0,0.0
IGARASHI.NS,2022-03-21 00:00:00+05:30,362.3896162772538,364.681317310417,356.71014097576307,358.30438232421875,90388,0.0,0.0
IGARASHI.NS,2022-03-22 00:00:00+05:30,360.09789471273734,362.6885331740773,355.26536284578845,358.65313720703125,52424,0.0,0.0
IGARASHI.NS,2022-03-23 00:00:00+05:30,358.80258003122674,371.955002708996,358.80258003122674,367.57086181640625,103588,0.0,0.0
IGARASHI.NS,2022-03-24 00:00:00+05:30,368.66690572816225,373.648890940705,354.4184401833399,355.2155456542969,70726,0.0,0.0
IGARASHI.NS,2022-03-25 00:00:00+05:30,357.65670386100004,358.6032627361176,349.6855281162345,352.5750732421875,36193,0.0,0.0
IGARASHI.NS,2022-03-28 00:00:00+05:30,349.83500264272556,355.16573282451367,340.6681378212793,344.5042724609375,47744,0.0,0.0
IGARASHI.NS,2022-03-29 00:00:00+05:30,345.7497793469054,351.6285159113364,341.166346795652,346.8956298828125,69478,0.0,0.0
IGARASHI.NS,2022-03-30 00:00:00+05:30,350.18376113182194,355.56429920858784,347.9916754228014,349.9346618652344,66570,0.0,0.0
IGARASHI.NS,2022-03-31 00:00:00+05:30,351.7281354619458,364.3325512319612,350.73173847763434,357.1086730957031,77664,0.0,0.0
IGARASHI.NS,2022-04-01 00:00:00+05:30,357.1087033505236,370.7095172571332,357.1087033505236,368.4178161621094,65346,0.0,0.0
IGARASHI.NS,2022-04-04 00:00:00+05:30,370.6596820621142,393.3775213802913,370.6596820621142,388.9435729980469,130143,0.0,0.0
IGARASHI.NS,2022-04-05 00:00:00+05:30,391.2352982025142,439.51074775907415,388.9435971353253,393.6764831542969,200829,0.0,0.0
IGARASHI.NS,2022-04-06 00:00:00+05:30,393.676464542047,397.56240679764204,384.36014642152986,391.9327697753906,102500,0.0,0.0
IGARASHI.NS,2022-04-07 00:00:00+05:30,408.52278931746594,408.52278931746594,390.0396362565183,391.6836853027344,86732,0.0,0.0
IGARASHI.NS,2022-04-08 00:00:00+05:30,392.77971414507897,397.01440144447935,386.6020405099631,393.9753723144531,59283,0.0,0.0
IGARASHI.NS,2022-04-11 00:00:00+05:30,393.975388430317,413.30548516500284,390.8865514864079,400.9003601074219,119564,0.0,0.0
IGARASHI.NS,2022-04-12 00:00:00+05:30,401.54800635269004,402.9429561244996,383.7623131411515,386.60205078125,56978,0.0,0.0
IGARASHI.NS,2022-04-13 00:00:00+05:30,392.58042104822925,408.2238662327436,383.712493760898,386.80133056640625,50033,0.0,0.0
IGARASHI.NS,2022-04-18 00:00:00+05:30,381.62007198341036,385.5558525128689,368.7167179608691,370.56005859375,58666,0.0,0.0
IGARASHI.NS,2022-04-19 00:00:00+05:30,373.1506764300777,379.6272569288641,363.7845507133574,366.2755432128906,39572,0.0,0.0
IGARASHI.NS,2022-04-20 00:00:00+05:30,366.27554690763105,379.2287080358666,348.240754947563,352.32598876953125,85467,0.0,0.0
IGARASHI.NS,2022-04-21 00:00:00+05:30,353.62130235386024,371.00844281276085,353.62130235386024,367.0726623535156,74401,0.0,0.0
IGARASHI.NS,2022-04-22 00:00:00+05:30,362.68850213955085,364.93039535332554,359.74911887399713,361.7419128417969,25214,0.0,0.0
IGARASHI.NS,2022-04-25 00:00:00+05:30,358.7029320549637,364.6813142558798,351.7281528205616,358.35418701171875,59990,0.0,0.0
IGARASHI.NS,2022-04-26 00:00:00+05:30,362.68851103866274,372.95138806159747,359.5000284488998,363.13690185546875,31316,0.0,0.0
IGARASHI.NS,2022-04-27 00:00:00+05:30,361.6921112676731,362.4892167052137,353.8205810433724,358.553466796875,48475,0.0,0.0
IGARASHI.NS,2022-04-28 00:00:00+05:30,360.7455616174553,362.2401572828903,355.2653775108601,358.404052734375,24298,0.0,0.0
IGARASHI.NS,2022-04-29 00:00:00+05:30,360.695745349181,365.7773765723659,351.77797926106103,355.46466064453125,29434,0.0,0.0
IGARASHI.NS,2022-05-02 00:00:00+05:30,349.7353731804931,352.47546513561093,346.7461819567282,349.88482666015625,18349,0.0,0.0
IGARASHI.NS,2022-05-04 00:00:00+05:30,349.88482187203914,367.6207078015735,337.3302128225092,339.1735534667969,71556,0.0,0.0
IGARASHI.NS,2022-05-05 00:00:00+05:30,343.70714840206045,349.6855302470643,338.02767348625787,339.6717224121094,25050,0.0,0.0
IGARASHI.NS,2022-05-06 00:00:00+05:30,338.7749692646952,342.7605571383975,331.89983626408315,338.6753234863281,51888,0.0,0.0
IGARASHI.NS,2022-05-09 00:00:00+05:30,337.77859091347415,338.67534215295854,322.8326355633204,324.4766845703125,66776,0.0,0.0
IGARASHI.NS,2022-05-10 00:00:00+05:30,326.22036964873445,332.74678820190087,317.2527967056302,319.49468994140625,21886,0.0,0.0
IGARASHI.NS,2022-05-11 00:00:00+05:30,321.0889427790545,323.1315445266241,301.3602937566107,311.0751647949219,37611,0.0,0.0
IGARASHI.NS,2022-05-12 00:00:00+05:30,310.8758746388641,310.8758746388641,286.11540225998095,292.54217529296875,54119,0.0,0.0
IGARASHI.NS,2022-05-13 00:00:00+05:30,296.92632358568636,314.56256369325536,296.57757853350705,307.8368835449219,50592,0.0,0.0
IGARASHI.NS,2022-05-16 00:00:00+05:30,307.83686685409333,310.7762197742339,298.96890918360134,305.5451354980469,21342,0.0,0.0
IGARASHI.NS,2022-05-17 00:00:00+05:30,307.08958639525423,323.57994559347276,307.08958639525423,319.6441650390625,38538,0.0,0.0
IGARASHI.NS,2022-05-18 00:00:00+05:30,321.2882663146763,327.5157483690961,299.2678836887225,302.85491943359375,101718,0.0,0.0
IGARASHI.NS,2022-05-19 00:00:00+05:30,296.6772464648574,301.90833141511933,293.0404030095341,300.2642822265625,31717,0.0,0.0
IGARASHI.NS,2022-05-20 00:00:00+05:30,305.89387586080966,309.23181185807925,292.29306303191066,298.4208984375,58863,0.0,0.0
IGARASHI.NS,2022-05-23 00:00:00+05:30,303.60220164151025,306.8902998338224,296.8765213691781,301.0613708496094,37021,0.0,0.0
IGARASHI.NS,2022-05-24 00:00:00+05:30,292.94072230744786,298.4707135757124,285.9659432048896,288.008544921875,38585,0.0,0.0
IGARASHI.NS,2022-05-25 00:00:00+05:30,285.16883626181186,288.95513273459505,278.74206338794124,279.2900695800781,27433,0.0,0.0
IGARASHI.NS,2022-05-26 00:00:00+05:30,275.3044846734838,280.48576134449564,267.1838550357985,276.15142822265625,32054,0.0,0.0
IGARASHI.NS,2022-05-27 00:00:00+05:30,277.5463753455887,288.9551332884762,277.5463753455887,287.5103454589844,39816,0.0,0.0
IGARASHI.NS,2022-05-30 00:00:00+05:30,288.9551184222036,297.22520102779026,288.9551184222036,295.48150634765625,31084,0.0,0.0
IGARASHI.NS,2022-05-31 00:00:00+05:30,296.8266643999256,302.1075868188929,289.9515310845991,292.6418151855469,33653,0.0,0.0
IGARASHI.NS,2022-06-01 00:00:00+05:30,294.13644046995597,298.8693267655447,290.7486659533278,292.1436462402344,18593,0.0,0.0
IGARASHI.NS,2022-06-02 00:00:00+05:30,291.59557400892623,297.773247530461,289.10458152566594,295.83026123046875,13476,0.0,0.0
IGARASHI.NS,2022-06-03 00:00:00+05:30,297.27505635794944,302.9046934272938,289.35368790296906,290.0511779785156,38446,0.0,0.0
IGARASHI.NS,2022-06-06 00:00:00+05:30,289.95156137286995,291.54580284338704,283.47498010509105,285.9659729003906,12150,0.0,0.0
IGARASHI.NS,2022-06-07 00:00:00+05:30,284.0229527336528,298.62019311215164,283.0763938280711,295.2822570800781,27299,0.0,0.0
IGARASHI.NS,2022-06-08 00:00:00+05:30,296.7768497459603,297.7234086425019,289.45332578317465,290.6988220214844,8388,0.0,0.0
IGARASHI.NS,2022-06-09 00:00:00+05:30,292.19343613684686,295.53137234985843,285.2186567576212,292.4425354003906,9476,0.0,0.0
IGARASHI.NS,2022-06-10 00:00:00+05:30,288.95515303418057,292.54218860164724,287.01216656624524,288.2078552246094,7240,0.0,0.0
IGARASHI.NS,2022-06-13 00:00:00+05:30,286.9623419453417,286.9623419453417,276.9983717389062,277.69586181640625,11718,0.0,0.0
IGARASHI.NS,2022-06-14 00:00:00+05:30,276.99836489738595,283.126200341469,274.1088196904127,275.75286865234375,11770,0.0,0.0
IGARASHI.NS,2022-06-15 00:00:00+05:30,275.75286845808097,288.4569301485617,273.01277672091845,281.9305419921875,31400,0.0,0.0
IGARASHI.NS,2022-06-16 00:00:00+05:30,291.9443240439373,291.9443240439373,251.78952148450367,257.1700744628906,62482,0.0,0.0
IGARASHI.NS,2022-06-17 00:00:00+05:30,258.4653939340901,271.36874815651663,254.77872781503086,268.7283020019531,26793,0.0,0.0
IGARASHI.NS,2022-06-20 00:00:00+05:30,269.02721349421466,269.02721349421466,248.60107321039465,256.3231506347656,44470,0.0,0.0
IGARASHI.NS,2022-06-21 00:00:00+05:30,259.06322148325785,266.78529827747036,257.1700732539434,261.30511474609375,24822,0.0,0.0
IGARASHI.NS,2022-06-22 00:00:00+05:30,261.3051250126294,263.3975648883451,254.87836711409173,257.0206298828125,14207,0.0,0.0
IGARASHI.NS,2022-06-23 00:00:00+05:30,256.3729562241556,274.3579417419104,255.67549651353843,265.0914306640625,82518,0.0,0.0
IGARASHI.NS,2022-06-24 00:00:00+05:30,268.03081261771064,284.52117201162366,268.03081261771064,278.9911804199219,86707,0.0,0.0
IGARASHI.NS,2022-06-27 00:00:00+05:30,283.1760506166831,293.23963638341144,281.48216348751373,286.8627014160156,81433,0.0,0.0
IGARASHI.NS,2022-06-28 00:00:00+05:30,285.8663172885524,295.9299339174383,282.976771826776,285.6172180175781,102832,0.0,0.0
IGARASHI.NS,2022-06-29 00:00:00+05:30,283.82369772366457,290.44973183669913,280.7846685627885,287.4605407714844,96744,0.0,0.0
IGARASHI.NS,2022-06-30 00:00:00+05:30,287.9089619854412,288.9551668056522,274.50740846536956,277.19769287109375,92511,0.0,0.0
IGARASHI.NS,2022-07-01 00:00:00+05:30,276.05180824023654,278.24389405384574,269.1268665432755,275.20489501953125,16181,0.0,0.0
IGARASHI.NS,2022-07-04 00:00:00+05:30,275.00559058080387,287.61000740089895,274.25829278031256,284.670654296875,48866,0.0,0.0
IGARASHI.NS,2022-07-05 00:00:00+05:30,285.96593349729113,290.8482726218179,283.07638833441797,286.1153869628906,33438,0.0,0.0
IGARASHI.NS,2022-07-06 00:00:00+05:30,287.56018546228614,290.947929241796,280.1868536109709,288.5067443847656,49909,0.0,0.0
IGARASHI.NS,2022-07-07 00:00:00+05:30,288.6063903074828,289.9515323638916,284.022957941168,286.96234130859375,115760,0.0,0.0
IGARASHI.NS,2022-07-08 00:00:00+05:30,288.40714610886033,289.80209593517463,284.7702724516069,286.1652526855469,81133,0.0,0.0
IGARASHI.NS,2022-07-11 00:00:00+05:30,286.4641231293232,292.2432132763617,283.27564072622636,284.7204284667969,63513,0.0,0.0
IGARASHI.NS,2022-07-12 00:00:00+05:30,283.97315347100033,286.36450026081025,278.9911683223863,282.2792663574219,40675,0.0,0.0
IGARASHI.NS,2022-07-13 00:00:00+05:30,283.1262138687435,290.9479367428414,279.8381157877818,282.7276611328125,69613,0.0,0.0
IGARASHI.NS,2022-07-14 00:00:00+05:30,279.09081499143826,288.9551395354334,279.09081499143826,284.3218994140625,44716,0.0,0.0
IGARASHI.NS,2022-07-15 00:00:00+05:30,284.2720585006597,285.36810130749143,278.99116644177565,281.2828674316406,15637,0.0,0.0
IGARASHI.NS,2022-07-18 00:00:00+05:30,282.7276813228702,318.4485239697696,281.53199262206635,310.6268005371094,325462,0.0,0.0
IGARASHI.NS,2022-07-19 00:00:00+05:30,310.8758799886276,331.80021806478527,310.3278737734925,322.7828369140625,277703,0.0,0.0
IGARASHI.NS,2022-07-20 00:00:00+05:30,324.8254119018369,331.70054490657833,314.1141444848285,320.142333984375,107111,0.0,0.0
IGARASHI.NS,2022-07-21 00:00:00+05:30,319.7437866016637,359.6993118062667,318.8470353961367,343.2089538574219,615692,0.0,0.0
IGARASHI.NS,2022-07-22 00:00:00+05:30,343.25877861695096,359.250938868421,343.25877861695096,350.6321105957031,212690,0.0,0.0
IGARASHI.NS,2022-07-25 00:00:00+05:30,351.479041385255,356.7101256298265,346.74615564016653,350.33319091796875,63541,0.0,0.0
IGARASHI.NS,2022-07-26 00:00:00+05:30,348.9880761823825,350.7317710669483,335.83562260432166,343.7071838378906,66327,0.0,0.0
IGARASHI.NS,2022-07-27 00:00:00+05:30,343.7071808350313,348.63932807799426,340.2695987867272,343.7569885253906,17135,0.0,0.0
IGARASHI.NS,2022-07-28 00:00:00+05:30,344.7533876598247,350.6321243158515,331.65077221612813,334.98870849609375,44548,0.0,0.0
IGARASHI.NS,2022-07-29 00:00:00+05:30,335.3872630925584,344.40464450036325,333.8926674730796,335.985107421875,33245,0.0,0.0
IGARASHI.NS,2022-08-01 00:00:00+05:30,337.28039043329227,345.89921855338633,337.28039043329227,339.4226379394531,34414,0.0,0.0
IGARASHI.NS,2022-08-02 00:00:00+05:30,339.42264734752246,360.2971776063849,336.931654734657,355.7137451171875,151369,0.0,0.0
IGARASHI.NS,2022-08-03 00:00:00+05:30,357.45744530290494,358.6032958404694,340.7677945466021,342.26239013671875,83946,0.0,0.0
IGARASHI.NS,2022-08-04 00:00:00+05:30,344.0060900016104,353.27257063223135,336.7822112108452,349.88482666015625,82000,0.0,0.0
IGARASHI.NS,2022-08-05 00:00:00+05:30,351.6285279801955,351.72817377100426,344.25519557473643,346.6963806152344,18174,0.0,0.0
IGARASHI.NS,2022-08-08 00:00:00+05:30,348.4400377885899,356.6104748203371,347.54325617606617,349.3865966796875,21456,0.0,0.0
IGARASHI.NS,2022-08-10 00:00:00+05:30,351.18015309325733,351.18015309325733,319.7936459594751,331.00311279296875,275765,0.0,0.0
IGARASHI.NS,2022-08-11 00:00:00+05:30,330.80381287328447,338.77498908709856,321.88604732103033,323.43048095703125,104961,0.0,0.0
IGARASHI.NS,2022-08-12 00:00:00+05:30,324.3272386122866,328.86083301048376,322.98209651808395,328.4622802734375,46986,0.0,0.0
IGARASHI.NS,2022-08-16 00:00:00+05:30,330.10633524340477,333.195172224296,322.83264883697973,328.3626403808594,97968,0.0,0.0
IGARASHI.NS,2022-08-17 00:00:00+05:30,328.5121016614856,331.40164686763296,324.92506639526465,327.7149658203125,149192,0.0,0.0
IGARASHI.NS,2022-08-18 00:00:00+05:30,329.3590458441423,329.3590458441423,323.2312098238849,324.62615966796875,36751,0.0,0.0
IGARASHI.NS,2022-08-19 00:00:00+05:30,325.12432178582384,331.451448678183,322.284614724382,326.27020263671875,221381,0.0,0.0
IGARASHI.NS,2022-08-22 00:00:00+05:30,327.31641273040555,327.31641273040555,311.92206700058375,313.3170471191406,79844,0.0,0.0
IGARASHI.NS,2022-08-23 00:00:00+05:30,313.6657558484033,316.8542383343133,303.2035876015156,308.7834167480469,79566,0.0,0.0
IGARASHI.NS,2022-08-24 00:00:00+05:30,308.78343040399176,314.6621667402293,303.9010910877139,311.1249694824219,38385,0.0,0.0
IGARASHI.NS,2022-08-25 00:00:00+05:30,310.8758948264719,318.14958148468173,309.9791435190746,311.2246398925781,83035,0.0,0.0
IGARASHI.NS,2022-08-26 00:00:00+05:30,312.47011645342815,314.3632647395902,310.4274842858229,312.0715637207031,76506,0.0,0.0
IGARASHI.NS,2022-08-29 00:00:00+05:30,306.392088775057,326.2203837232025,304.84768553127316,320.2918395996094,180473,0.0,0.0
IGARASHI.NS,2022-08-30 00:00:00+05:30,323.7294033997963,384.31036376953125,323.7294033997963,384.31036376953125,1038744,0.0,0.0
IGARASHI.NS,2022-09-01 00:00:00+05:30,384.3103512417555,397.263512787058,366.7737572219749,369.6134948730469,538280,0.0,0.0
IGARASHI.NS,2022-09-02 00:00:00+05:30,369.6633080085566,380.42438405707645,362.1903300838553,364.3824157714844,285176,0.0,0.0
IGARASHI.NS,2022-09-05 00:00:00+05:30,366.3752064411632,371.4568070560979,355.01625577628045,357.75634765625,152826,0.0,0.0
IGARASHI.NS,2022-09-06 00:00:00+05:30,360.5960799108945,367.1224987170893,355.2653497065196,364.5318603515625,147686,0.0,0.0
IGARASHI.NS,2022-09-07 00:00:00+05:30,363.6849228287612,437.4183044433594,363.6849228287612,437.4183044433594,913676,0.0,0.0
IGARASHI.NS,2022-09-08 00:00:00+05:30,471.29580437874677,486.24176012014465,449.3750692913632,455.40325927734375,2264784,0.0,0.0
IGARASHI.NS,2022-09-09 00:00:00+05:30,462.27842016164215,478.07128896363315,451.36786038013213,468.3066101074219,458224,0.0,0.0
IGARASHI.NS,2022-09-12 00:00:00+05:30,468.3066177268444,474.2351923909045,454.3570589009384,460.98309326171875,171062,0.0,0.0
IGARASHI.NS,2022-09-13 00:00:00+05:30,464.0221289795565,464.0221289795565,436.6212094767566,439.8096618652344,102102,0.0,0.0
IGARASHI.NS,2022-09-14 00:00:00+05:30,437.8168436533998,460.2856146551943,433.53234863879766,449.4747009277344,133553,0.0,0.0
IGARASHI.NS,2022-09-15 00:00:00+05:30,449.4747119491199,456.30003777170674,443.3966839084012,447.2328186035156,41944,0.0,0.0
IGARASHI.NS,2022-09-16 00:00:00+05:30,444.3930641492198,447.2826093816699,423.46872704802337,428.99871826171875,59782,0.0,0.0
IGARASHI.NS,2022-09-19 00:00:00+05:30,428.6998192584164,439.8096399862614,412.10981490263123,428.35107421875,51426,0.0,0.0
IGARASHI.NS,2022-09-20 00:00:00+05:30,432.1872111505805,462.278413577025,429.64641089072757,437.5677490234375,119950,0.0,0.0
IGARASHI.NS,2022-09-21 00:00:00+05:30,437.5677649587887,457.8444513105412,429.94533349401206,436.2724609375,86698,0.0,0.0
IGARASHI.NS,2022-09-22 00:00:00+05:30,433.5323690169219,444.3930909427419,422.472355515073,426.50775146484375,82222,0.0,0.0
IGARASHI.NS,2022-09-23 00:00:00+05:30,428.40092051127436,432.48612405871285,422.32289247155853,424.6145935058594,49552,0.0,0.0
IGARASHI.NS,2022-09-26 00:00:00+05:30,414.5011818423451,418.7856770877614,399.4057722870636,410.01739501953125,78194,0.0,0.0
IGARASHI.NS,2022-09-27 00:00:00+05:30,412.5083531908915,428.7496119384982,403.7400718561633,406.48016357421875,66445,0.0,0.0
IGARASHI.NS,2022-09-28 00:00:00+05:30,399.6548632875546,445.73822690206185,399.6548632875546,426.6073913574219,182980,0.0,0.0
IGARASHI.NS,2022-09-29 00:00:00+05:30,433.88109220614274,436.87028325018747,418.4867461662629,424.8138732910156,42901,0.0,0.0
IGARASHI.NS,2022-09-30 00:00:00+05:30,426.9561305093403,433.08396620758776,419.98135124781084,426.70703125,45638,0.0,0.0
IGARASHI.NS,2022-10-03 00:00:00+05:30,426.70704444318324,429.4471363806468,411.6116349419547,414.1524353027344,22391,0.0,0.0
IGARASHI.NS,2022-10-04 00:00:00+05:30,422.47235997392704,426.9063391225527,418.48677167228624,422.3229064941406,37867,0.0,0.0
IGARASHI.NS,2022-10-06 00:00:00+05:30,421.47596256940614,442.79885388500935,421.47596256940614,433.63201904296875,85244,0.0,0.0
IGARASHI.NS,2022-10-07 00:00:00+05:30,434.0305777328357,458.0935613330808,429.447145045259,440.2082214355469,142055,0.0,0.0
IGARASHI.NS,2022-10-10 00:00:00+05:30,428.45072205505727,434.2298126546107,424.06658121322806,427.8030700683594,113019,0.0,0.0
IGARASHI.NS,2022-10-11 00:00:00+05:30,429.9453316215,433.3330755457991,420.2802679712459,425.5113525390625,29355,0.0,0.0
IGARASHI.NS,2022-10-12 00:00:00+05:30,429.2478288830466,430.3438716989046,417.49035607779564,422.12359619140625,13421,0.0,0.0
IGARASHI.NS,2022-10-13 00:00:00+05:30,422.07381065745255,426.1590447813793,400.55162757205574,410.9639892578125,69010,0.0,0.0
IGARASHI.NS,2022-10-14 00:00:00+05:30,419.4333369317759,424.9633282191752,414.5011595291369,416.0455627441406,32042,0.0,0.0
IGARASHI.NS,2022-10-17 00:00:00+05:30,417.2910647185651,417.93874711527826,404.38774140244976,406.1812438964844,45150,0.0,0.0
IGARASHI.NS,2022-10-18 00:00:00+05:30,408.4729766079453,420.97774723251223,408.4729766079453,414.89971923828125,29968,0.0,0.0
IGARASHI.NS,2022-10-19 00:00:00+05:30,417.4405280730215,424.9633131294981,413.5047478282338,416.2946472167969,31844,0.0,0.0
IGARASHI.NS,2022-10-20 00:00:00+05:30,416.0455767883594,418.68605330155367,411.511982366021,413.7538757324219,12282,0.0,0.0
IGARASHI.NS,2022-10-21 00:00:00+05:30,416.6434010264257,418.18783462677476,393.5768164716977,397.114013671875,41215,0.0,0.0
IGARASHI.NS,2022-10-24 00:00:00+05:30,406.0317894754042,413.5047671958104,399.6050164728052,405.68304443359375,18114,0.0,0.0
IGARASHI.NS,2022-10-25 00:00:00+05:30,405.68305314013224,418.287469750868,401.5480114609551,407.0780029296875,25504,0.0,0.0
IGARASHI.NS,2022-10-27 00:00:00+05:30,409.718475647421,413.50477224225205,400.80070996252016,405.085205078125,20031,0.0,0.0
IGARASHI.NS,2022-10-28 00:00:00+05:30,412.65782843237025,413.55457968771003,404.636844415686,408.1740417480469,20877,0.0,0.0
IGARASHI.NS,2022-10-31 00:00:00+05:30,408.9213422762863,423.3690994672908,408.1242368012118,411.21307373046875,62931,0.0,0.0
IGARASHI.NS,2022-11-01 00:00:00+05:30,411.21304998768704,421.9741253179892,410.6152057120874,414.700439453125,27701,0.0,0.0
IGARASHI.NS,2022-11-02 00:00:00+05:30,414.700469440444,420.33010676020984,407.72569000521634,409.5690002441406,24498,0.0,0.0
IGARASHI.NS,2022-11-03 00:00:00+05:30,415.9957693694842,415.9957693694842,396.5660268480352,400.9003601074219,41089,0.0,0.0
IGARASHI.NS,2022-11-04 00:00:00+05:30,401.14944680552,406.52998463832597,396.16746169965813,397.5126037597656,30177,0.0,0.0
IGARASHI.NS,2022-11-07 00:00:00+05:30,401.39856766118476,404.4375665762479,395.56963869213075,399.20648193359375,38150,0.0,0.0
IGARASHI.NS,2022-11-09 00:00:00+05:30,400.5515858074399,439.1121610818022,400.5515858074399,432.7850341796875,481327,0.0,0.0
IGARASHI.NS,2022-11-10 00:00:00+05:30,433.43272601443607,436.3222714396739,414.8997344067765,419.7820739746094,69071,0.0,0.0
IGARASHI.NS,2022-11-11 00:00:00+05:30,423.4687448014639,440.9056931168183,414.5011713821388,415.8463134765625,46754,0.0,0.0
IGARASHI.NS,2022-11-14 00:00:00+05:30,415.9957643597867,417.9387507515828,409.56899128626833,411.26287841796875,29418,0.0,0.0
IGARASHI.NS,2022-11-15 00:00:00+05:30,410.5653697913786,437.4182809804485,408.27366886500863,433.18359375,129980,0.0,0.0
IGARASHI.NS,2022-11-16 00:00:00+05:30,433.18361611390793,455.3534504061091,431.58937475743824,446.6847839355469,223108,0.0,0.0
IGARASHI.NS,2022-11-17 00:00:00+05:30,445.88766331686253,445.88766331686253,431.68900588163285,437.169189453125,39531,0.0,0.0
IGARASHI.NS,2022-11-18 00:00:00+05:30,433.5323443741786,442.200980101441,415.64700591291466,420.2304382324219,49906,0.0,0.0
IGARASHI.NS,2022-11-21 00:00:00+05:30,422.42253130099266,429.4471181706651,419.333694439122,425.76043701171875,25601,0.0,0.0
IGARASHI.NS,2022-11-22 00:00:00+05:30,431.43991734864545,431.43991734864545,423.2196417871528,425.1626281738281,10406,0.0,0.0
IGARASHI.NS,2022-11-23 00:00:00+05:30,422.77122553901626,429.6961966981279,417.7394329639191,421.4759216308594,24497,0.0,0.0
IGARASHI.NS,2022-11-24 00:00:00+05:30,424.5149295067124,447.78080552835894,418.4867398223211,435.7243957519531,59661,0.0,0.0
IGARASHI.NS,2022-11-25 00:00:00+05:30,442.25084836668134,463.5239320257396,422.72145959102744,460.33544921875,188839,0.0,0.0
IGARASHI.NS,2022-11-28 00:00:00+05:30,463.3246219241715,478.66913020314604,460.08633155588427,468.3564147949219,139179,0.0,0.0
IGARASHI.NS,2022-11-29 00:00:00+05:30,463.67334491829337,473.9860598360929,455.353423978518,456.8978271484375,31214,0.0,0.0
IGARASHI.NS,2022-11-30 00:00:00+05:30,461.3318059125904,463.374407577016,455.602523225771,456.8978271484375,16898,0.0,0.0
IGARASHI.NS,2022-12-01 00:00:00+05:30,463.673361186117,471.99328241779403,452.4140565706779,454.0581359863281,45125,0.0,0.0
IGARASHI.NS,2022-12-02 00:00:00+05:30,456.20038373360427,459.23938249517806,448.9266672104229,449.42486572265625,21744,0.0,0.0
IGARASHI.NS,2022-12-05 00:00:00+05:30,456.1505732946992,460.33545321424265,450.37148236544954,452.5635681152344,15938,0.0,0.0
IGARASHI.NS,2022-12-06 00:00:00+05:30,458.093557332761,460.33545076179576,445.38949456823093,447.9801330566406,15055,0.0,0.0
IGARASHI.NS,2022-12-07 00:00:00+05:30,449.3252429232275,452.31443394724465,440.40747753852696,442.3504638671875,20391,0.0,0.0
IGARASHI.NS,2022-12-08 00:00:00+05:30,448.1295674763619,448.1295674763619,438.9627025711609,439.560546875,17249,0.0,0.0
IGARASHI.NS,2022-12-09 00:00:00+05:30,439.5605322205783,446.2364043102379,433.9807029168123,436.7207946777344,94897,0.0,0.0
IGARASHI.NS,2022-12-12 00:00:00+05:30,433.38290565534953,433.38290565534953,424.46513996486874,426.1590270996094,42777,0.0,0.0
IGARASHI.NS,2022-12-13 00:00:00+05:30,421.9741449350231,438.8630868658382,421.9741449350231,431.34027099609375,19954,0.0,0.0
IGARASHI.NS,2022-12-14 00:00:00+05:30,431.3402573045678,438.41468212030657,428.20161282091306,428.99871826171875,17805,0.0,0.0
IGARASHI.NS,2022-12-15 00:00:00+05:30,428.84925507824244,434.1301773287333,422.0239296683155,424.0167236328125,16874,0.0,0.0
IGARASHI.NS,2022-12-16 00:00:00+05:30,422.9705594604902,422.9705594604902,401.1992772324122,406.38055419921875,84471,0.0,0.0
IGARASHI.NS,2022-12-19 00:00:00+05:30,405.3343018382501,413.20586274402086,405.3343018382501,411.8108825683594,16605,0.0,0.0
IGARASHI.NS,2022-12-20 00:00:00+05:30,412.5083518940743,417.19142988780493,408.52276395306876,415.2484436035156,16424,0.0,0.0
IGARASHI.NS,2022-12-21 00:00:00+05:30,418.4867525534539,418.4867525534539,398.16025922523954,402.5942077636719,30948,0.0,0.0
IGARASHI.NS,2022-12-22 00:00:00+05:30,413.5047728546242,413.5047728546242,389.54143613296634,398.9075622558594,42055,0.0,0.0
IGARASHI.NS,2022-12-23 00:00:00+05:30,407.52640320178847,407.52640320178847,376.63809391265534,385.8547668457031,51884,0.0,0.0
IGARASHI.NS,2022-12-26 00:00:00+05:30,387.4988062100658,398.11042869862433,382.2677217036867,395.2707214355469,19066,0.0,0.0
IGARASHI.NS,2022-12-27 00:00:00+05:30,406.4801868951058,406.4801868951058,396.56602412883507,397.861328125,25887,0.0,0.0
IGARASHI.NS,2022-12-28 00:00:00+05:30,399.5551914356824,415.49754321366476,399.2562845028944,401.34869384765625,44616,0.0,0.0
IGARASHI.NS,2022-12-29 00:00:00+05:30,402.14583736995235,409.220262188216,400.6014037673578,406.87872314453125,10182,0.0,0.0
IGARASHI.NS,2022-12-30 00:00:00+05:30,409.56898697289614,411.56178103267445,400.6014137038935,402.5942077636719,13757,0.0,0.0
IGARASHI.NS,2023-01-02 00:00:00+05:30,408.6224029312981,421.42611006017586,403.5407723095789,413.3054504394531,57003,0.0,0.0
IGARASHI.NS,2023-01-03 00:00:00+05:30,415.69687639004155,419.48317315331565,411.51199646631676,418.1380310058594,26976,0.0,0.0
IGARASHI.NS,2023-01-04 00:00:00+05:30,418.18784952678794,419.9315443454359,402.69385732222725,404.5870056152344,39027,0.0,0.0
IGARASHI.NS,2023-01-05 00:00:00+05:30,412.4585544135824,412.4585544135824,402.94294472440725,406.3306884765625,14475,0.0,0.0
IGARASHI.NS,2023-01-06 00:00:00+05:30,410.8144841748034,411.51197426032826,400.5516069071476,404.6368408203125,19003,0.0,0.0
IGARASHI.NS,2023-01-09 00:00:00+05:30,405.63322005256794,415.4975441560429,405.533574272205,406.48016357421875,13515,0.0,0.0
IGARASHI.NS,2023-01-10 00:00:00+05:30,406.67944798691315,413.45496614001513,395.4699812264821,399.40576171875,32058,0.0,0.0
IGARASHI.NS,2023-01-11 00:00:00+05:30,399.7544829959563,405.5335733524258,398.60860213581554,401.34869384765625,10519,0.0,0.0
IGARASHI.NS,2023-01-12 00:00:00+05:30,404.2382903726428,406.5299913963864,399.4555663469342,401.0,10244,0.0,0.0
IGARASHI.NS,2023-01-13 00:00:00+05:30,401.04980915857857,410.5155810517624,400.0534121171908,406.629638671875,13488,0.0,0.0
IGARASHI.NS,2023-01-16 00:00:00+05:30,412.70768302835336,412.70768302835336,402.6440664307984,403.7899169921875,14896,0.0,0.0
IGARASHI.NS,2023-01-17 00:00:00+05:30,403.5407841234454,413.4549464149596,403.5407841234454,408.47296142578125,14996,0.0,0.0
IGARASHI.NS,2023-01-18 00:00:00+05:30,408.4729954349745,411.511994368349,403.5408177219888,403.7899169921875,10972,0.0,0.0
IGARASHI.NS,2023-01-19 00:00:00+05:30,403.54077834278706,410.5155572277241,402.59418904535363,403.9393310546875,9814,0.0,0.0
IGARASHI.NS,2023-01-20 00:00:00+05:30,405.2844840327542,407.97476812423247,402.0461937485343,403.24188232421875,12214,0.0,0.0
IGARASHI.NS,2023-01-23 00:00:00+05:30,403.54078221412163,413.35529867789097,403.54078221412163,407.4765625,12155,0.0,0.0
IGARASHI.NS,2023-01-24 00:00:00+05:30,408.4231499115162,412.50838395003433,403.24190343014885,408.02459716796875,13554,0.0,0.0
IGARASHI.NS,2023-01-25 00:00:00+05:30,406.52999483773306,410.5653907116754,403.6404494853623,406.08160400390625,9361,0.0,0.0
IGARASHI.NS,2023-01-27 00:00:00+05:30,410.5155824358368,413.50477357007827,394.57322971988197,402.4945983886719,26101,0.0,0.0
IGARASHI.NS,2023-01-30 00:00:00+05:30,402.5942000863992,405.88232846690505,398.55880435535073,400.1530456542969,11496,0.0,0.0
IGARASHI.NS,2023-01-31 00:00:00+05:30,400.1530359823845,440.75621319468536,397.61220542145816,425.01312255859375,58125,0.0,0.0
IGARASHI.NS,2023-02-01 00:00:00+05:30,425.0131430046834,428.25143336758373,414.05277562255924,416.44415283203125,31754,0.0,0.0
IGARASHI.NS,2023-02-02 00:00:00+05:30,420.479552781156,420.479552781156,412.1596313780134,413.8036804199219,9766,0.0,0.0
IGARASHI.NS,2023-02-03 00:00:00+05:30,423.4687456014824,423.4687456014824,404.0888108456117,406.5798034667969,17491,0.0,0.0
IGARASHI.NS,2023-02-06 00:00:00+05:30,407.37692998109816,412.35891510889047,399.10681642438857,400.05340576171875,19643,0.0,0.0
IGARASHI.NS,2023-02-07 00:00:00+05:30,402.84330733798276,405.4837837953652,398.5588122691392,399.5054016113281,12185,0.0,0.0
IGARASHI.NS,2023-02-08 00:00:00+05:30,398.65845789635404,402.2953009753494,398.65845789635404,401.0498046875,9812,0.0,0.0
IGARASHI.NS,2023-02-09 00:00:00+05:30,401.8469122087832,404.6866498411628,398.9075591989643,400.5018005371094,6176,0.0,0.0
IGARASHI.NS,2023-02-10 00:00:00+05:30,406.23106948018176,406.23106948018176,398.55880040925433,399.70465087890625,6775,0.0,0.0
IGARASHI.NS,2023-02-13 00:00:00+05:30,399.70464657199574,435.72439168933636,395.81870439140215,410.0671691894531,223510,0.0,0.0
IGARASHI.NS,2023-02-14 00:00:00+05:30,410.0173717754009,410.06717946311386,396.566012069525,404.23828125,39722,0.0,0.0
IGARASHI.NS,2023-02-15 00:00:00+05:30,402.44476569330857,412.8571271137169,401.5978221123812,407.0281982421875,14226,0.0,0.0
IGARASHI.NS,2023-02-16 00:00:00+05:30,407.0779843098747,411.2130562075378,403.0425886018793,405.33428955078125,19621,0.0,0.0
IGARASHI.NS,2023-02-17 00:00:00+05:30,402.59421787759396,412.4087349500863,396.6158355480707,399.8541259765625,20088,0.0,0.0
IGARASHI.NS,2023-02-20 00:00:00+05:30,399.4057804482618,401.44838232400843,381.9688313365794,384.70892333984375,52263,0.0,0.0
IGARASHI.NS,2023-02-21 00:00:00+05:30,384.60925851530436,386.0540463903935,338.72518685806983,364.980224609375,246216,0.0,0.0
IGARASHI.NS,2023-02-22 00:00:00+05:30,363.6849138535125,363.6849138535125,336.78219419859516,350.1837463378906,156311,0.0,0.0
IGARASHI.NS,2023-02-23 00:00:00+05:30,360.69572956826937,362.2899709186043,351.0805041847838,353.671142578125,21557,0.0,0.0
IGARASHI.NS,2023-02-24 00:00:00+05:30,353.8703861494278,357.0090305973344,348.7389477145807,349.3367919921875,18194,0.0,0.0
IGARASHI.NS,2023-02-27 00:00:00+05:30,345.84942877801694,348.9382657738581,338.7750035056388,340.66815185546875,14696,0.0,0.0
IGARASHI.NS,2023-02-28 00:00:00+05:30,341.76416285463006,362.68849935593397,341.76416285463006,357.15850830078125,57662,0.0,0.0
IGARASHI.NS,2023-03-01 00:00:00+05:30,358.70293974198535,368.36800333697215,352.8242031999611,360.7953796386719,32284,0.0,0.0
IGARASHI.NS,2023-03-02 00:00:00+05:30,360.645935546588,365.7773744310118,354.46826148278365,356.0126647949219,11196,0.0,0.0
IGARASHI.NS,2023-03-03 00:00:00+05:30,356.01264393975543,368.36799134358984,356.01264393975543,359.4502258300781,23640,0.0,0.0
IGARASHI.NS,2023-03-06 00:00:00+05:30,362.14051549007576,369.66330096114086,357.2581456795838,363.98382568359375,14960,0.0,0.0
IGARASHI.NS,2023-03-08 00:00:00+05:30,363.68491203739745,365.67770607595855,360.84517445092314,362.0408630371094,9891,0.0,0.0
IGARASHI.NS,2023-03-09 00:00:00+05:30,362.190330048217,380.6236755939997,362.0906842610391,374.1470947265625,28744,0.0,0.0
IGARASHI.NS,2023-03-10 00:00:00+05:30,373.15066133056484,381.57022780133934,369.31452695498785,378.87994384765625,14920,0.0,0.0
IGARASHI.NS,2023-03-13 00:00:00+05:30,379.62724571488803,383.5630259109391,353.8205702635631,362.3397521972656,64005,0.0,0.0
IGARASHI.NS,2023-03-14 00:00:00+05:30,370.65971596080465,373.6987149097985,355.7137596720625,357.0090637207031,71777,0.0,0.0
IGARASHI.NS,2023-03-15 00:00:00+05:30,361.5924934669067,364.58168470042915,350.73177139996693,357.05889892578125,16527,0.0,0.0
IGARASHI.NS,2023-03-16 00:00:00+05:30,350.980843967558,361.04445976965707,345.74975970686336,347.7425537109375,55758,0.0,0.0
IGARASHI.NS,2023-03-17 00:00:00+05:30,355.0661002456991,356.3614042673366,348.73897280050767,353.0234680175781,19535,0.0,0.0
IGARASHI.NS,2023-03-20 00:00:00+05:30,354.019881121478,354.019881121478,340.76781171772814,345.05230712890625,38560,0.0,0.0
IGARASHI.NS,2023-03-21 00:00:00+05:30,356.61049400138717,356.61049400138717,346.198163193527,348.0414733886719,65541,0.0,0.0
IGARASHI.NS,2023-03-22 00:00:00+05:30,348.44006400233667,353.6711485666954,348.44006400233667,352.0270690917969,12961,0.0,0.0
IGARASHI.NS,2023-03-23 00:00:00+05:30,352.7245472387715,358.70292939536085,342.3121861529954,353.770751953125,50108,0.0,0.0
IGARASHI.NS,2023-03-24 00:00:00+05:30,352.72455234759224,360.9448279319641,349.88481470055706,351.6285095214844,26820,0.0,0.0
IGARASHI.NS,2023-03-27 00:00:00+05:30,351.62849419463356,354.16932478180934,339.3728232933679,340.5684814453125,45159,0.0,0.0
IGARASHI.NS,2023-03-28 00:00:00+05:30,340.5684757705537,356.16211284141747,328.61171200459927,334.490478515625,188743,0.0,0.0
IGARASHI.NS,2023-03-29 00:00:00+05:30,333.1951708084859,350.68195745742605,333.04571733099925,342.26239013671875,46961,0.0,0.0
IGARASHI.NS,2023-03-31 00:00:00+05:30,347.54328489782046,352.02707170049797,343.7569882052763,346.8458251953125,18389,0.0,0.0
IGARASHI.NS,2023-04-03 00:00:00+05:30,353.72095659044055,369.36440260833547,349.735368347168,358.70294189453125,65125,0.0,0.0
IGARASHI.NS,2023-04-05 00:00:00+05:30,360.6459031265239,380.7731041041139,357.6567121529352,372.5030212402344,40963,0.0,0.0
IGARASHI.NS,2023-04-06 00:00:00+05:30,373.5990899421528,376.6380888131773,368.7167200203263,370.0120544433594,9676,0.0,0.0
IGARASHI.NS,2023-04-10 00:00:00+05:30,371.65608708012263,389.7406868444537,371.65608708012263,380.5738525390625,31945,0.0,0.0
IGARASHI.NS,2023-04-11 00:00:00+05:30,383.6128715836115,391.88295509366253,379.726929095848,384.8583679199219,26349,0.0,0.0
IGARASHI.NS,2023-04-12 00:00:00+05:30,384.8583573823245,389.7905349021187,379.7767263877903,380.9225769042969,13266,0.0,0.0
IGARASHI.NS,2023-04-13 00:00:00+05:30,381.1218449660428,385.0576252012902,375.5918538884081,378.2322998046875,12584,0.0,0.0
IGARASHI.NS,2023-04-17 00:00:00+05:30,378.18248894203083,382.46701451041514,367.77015799269697,371.6062927246094,20268,0.0,0.0
IGARASHI.NS,2023-04-18 00:00:00+05:30,371.80554726670226,375.840973500183,365.578065802341,368.118896484375,40118,0.0,0.0
IGARASHI.NS,2023-04-19 00:00:00+05:30,370.0618616975304,372.5030466555688,363.68492660031023,364.880615234375,9763,0.0,0.0
IGARASHI.NS,2023-04-20 00:00:00+05:30,364.8806169951571,378.53123852720637,353.7707654055998,357.65673828125,138319,0.0,0.0
IGARASHI.NS,2023-04-21 00:00:00+05:30,358.20474575522206,364.23293585036134,352.07690987181076,355.06610107421875,26844,0.0,0.0
IGARASHI.NS,2023-04-24 00:00:00+05:30,356.4610483047993,365.62791342215866,356.06249556222394,360.2473449707031,20501,0.0,0.0
IGARASHI.NS,2023-04-25 00:00:00+05:30,363.83436222241426,369.3643838740454,360.2971649989678,366.7239074707031,29541,0.0,0.0
IGARASHI.NS,2023-04-26 00:00:00+05:30,370.4105948752307,370.4105948752307,360.44662460286406,361.99102783203125,19778,0.0,0.0
IGARASHI.NS,2023-04-27 00:00:00+05:30,362.1405048471208,369.1152839055566,361.99102096976975,363.13690185546875,14422,0.0,0.0
IGARASHI.NS,2023-04-28 00:00:00+05:30,363.1368938692287,370.60987126749,363.1368938692287,366.8733825683594,12543,0.0,0.0
IGARASHI.NS,2023-05-02 00:00:00+05:30,367.6705200105663,385.6056673281549,366.873414515057,379.17889404296875,52657,0.0,0.0
IGARASHI.NS,2023-05-03 00:00:00+05:30,374.6452771879251,385.05763814516024,374.6452771879251,380.0756530761719,24375,0.0,0.0
IGARASHI.NS,2023-05-04 00:00:00+05:30,380.12546456833286,387.0504360465854,379.62726605644775,382.0684509277344,30563,0.0,0.0
IGARASHI.NS,2023-05-05 00:00:00+05:30,382.566650627976,384.0114080723562,374.6950897896409,377.9333801269531,11188,0.0,0.0
IGARASHI.NS,2023-05-08 00:00:00+05:30,379.4279835802217,385.9045643899151,377.0864748443554,378.8301696777344,12639,0.0,0.0
IGARASHI.NS,2023-05-09 00:00:00+05:30,378.83017117051634,392.58043831915245,378.83017117051634,382.9153747558594,26072,0.0,0.0
IGARASHI.NS,2023-05-10 00:00:00+05:30,384.11104798090406,436.82044381426863,383.51320369240517,393.9753723144531,1338044,0.0,0.0
IGARASHI.NS,2023-05-11 00:00:00+05:30,393.5768298858106,418.08820309440114,393.5768298858106,412.30908203125,298462,0.0,0.0
IGARASHI.NS,2023-05-12 00:00:00+05:30,412.30909671265385,418.4867707293275,405.58341646878966,413.60443115234375,229654,0.0,0.0
IGARASHI.NS,2023-05-15 00:00:00+05:30,414.4015212778328,423.4687403888603,407.47658012075425,408.7220764160156,89589,0.0,0.0
IGARASHI.NS,2023-05-16 00:00:00+05:30,409.0209820406983,416.4441520994927,406.18124441516375,412.85711669921875,119289,0.0,0.0
IGARASHI.NS,2023-05-17 00:00:00+05:30,413.5047409950272,425.4615045900641,413.40509521687744,422.0737609863281,77341,0.0,0.0
IGARASHI.NS,2023-05-18 00:00:00+05:30,423.4687165140943,429.4470983942933,419.0845758834729,425.0629577636719,73604,0.0,0.0
IGARASHI.NS,2023-05-19 00:00:00+05:30,425.36189673481465,425.9099333596871,417.4903660811579,419.3835144042969,31720,0.0,0.0
IGARASHI.NS,2023-05-22 00:00:00+05:30,420.4795341450353,441.90206965242453,418.4867401443479,429.5467529296875,119850,0.0,0.0
IGARASHI.NS,2023-05-23 00:00:00+05:30,431.2405999399241,433.0839404308536,413.0563550903879,415.2982482910156,42105,0.0,0.0
IGARASHI.NS,2023-05-24 00:00:00+05:30,416.49393190778073,423.46871067178665,413.5545486941865,415.8960876464844,59571,0.0,0.0
IGARASHI.NS,2023-05-25 00:00:00+05:30,419.48314712048983,429.44711736088146,413.6044107601835,423.71783447265625,42650,0.0,0.0
IGARASHI.NS,2023-05-26 00:00:00+05:30,448.3786571588722,455.2537904871169,429.098368819516,431.4897155761719,276385,0.0,0.0
IGARASHI.NS,2023-05-29 00:00:00+05:30,436.4219021923664,436.4219021923664,424.8138827932039,428.2514343261719,40390,0.0,0.0
IGARASHI.NS,2023-05-30 00:00:00+05:30,426.35829385451626,444.64218589964577,426.35829385451626,438.91290283203125,97830,0.0,0.0
IGARASHI.NS,2023-05-31 00:00:00+05:30,440.3078198221153,452.8624278642324,435.22618913749375,448.7273864746094,86095,0.0,0.0
IGARASHI.NS,2023-06-01 00:00:00+05:30,453.809065233255,456.05095867799747,438.2652646015153,446.3858947753906,55150,0.0,0.0
IGARASHI.NS,2023-06-02 00:00:00+05:30,448.57794520979746,468.007686867753,448.57794520979746,459.83721923828125,188709,0.0,0.0
IGARASHI.NS,2023-06-05 00:00:00+05:30,465.6163321952758,504.17691043294,459.33904290431883,494.4122314453125,591388,0.0,0.0
IGARASHI.NS,2023-06-06 00:00:00+05:30,485.74354965967274,509.6570782583028,479.8149751982128,489.52984619140625,443827,0.0,0.0
IGARASHI.NS,2023-06-07 00:00:00+05:30,491.5724662826672,504.6252730708605,490.22732425045535,495.90679931640625,149746,0.0,0.0
IGARASHI.NS,2023-06-08 00:00:00+05:30,498.19850095927353,500.93859271454954,477.4734554824171,478.918212890625,136627,0.0,0.0
IGARASHI.NS,2023-06-09 00:00:00+05:30,483.8504009684452,486.2417477446811,473.3383941199643,481.3095703125,87506,0.0,0.0
IGARASHI.NS,2023-06-12 00:00:00+05:30,481.95727259975143,490.426647653942,479.26698836066436,480.4626770019531,45208,0.0,0.0
IGARASHI.NS,2023-06-13 00:00:00+05:30,480.4626529025938,492.26993320686313,480.4626529025938,487.0388488769531,64382,0.0,0.0
IGARASHI.NS,2023-06-14 00:00:00+05:30,488.2345356683805,493.0670672560106,482.3059612865007,484.498046875,49741,0.0,0.0
IGARASHI.NS,2023-06-15 00:00:00+05:30,486.83958943000687,492.17031956170433,475.430831402569,476.7261657714844,65433,0.0,0.0
IGARASHI.NS,2023-06-16 00:00:00+05:30,480.0640650291258,496.20570867933424,479.9146115598435,486.09228515625,121454,0.0,0.0
IGARASHI.NS,2023-06-19 00:00:00+05:30,488.23454705878265,515.8347570861758,486.44104455916744,503.3299560546875,350557,0.0,0.0
IGARASHI.NS,2023-06-20 00:00:00+05:30,505.17330299008455,515.6354719869206,494.0136438970762,509.90618896484375,167324,0.0,0.0
IGARASHI.NS,2023-06-21 00:00:00+05:30,509.90616914419087,521.9127409346099,507.71408356225095,510.7530822753906,129304,0.0,0.0
IGARASHI.NS,2023-06-22 00:00:00+05:30,513.1444672625214,517.8275454374815,492.3197755464022,498.7963562011719,87311,0.0,0.0
IGARASHI.NS,2023-06-23 00:00:00+05:30,498.8461571848764,509.208680011712,492.3197689296797,495.3089599609375,87120,0.0,0.0
IGARASHI.NS,2023-06-26 00:00:00+05:30,494.21291968637763,502.53284084730006,483.8503968067364,485.49444580078125,55510,0.0,0.0
IGARASHI.NS,2023-06-27 00:00:00+05:30,488.0352805675575,502.9812368577966,487.0388834815416,494.16314697265625,70564,0.0,0.0
IGARASHI.NS,2023-06-28 00:00:00+05:30,494.1631320132284,497.7003293984557,484.298776834186,486.19195556640625,54136,0.0,0.0
IGARASHI.NS,2023-06-30 00:00:00+05:30,488.13491969871967,495.15953730388026,480.86123323307874,483.9998779296875,44575,0.0,0.0
IGARASHI.NS,2023-07-03 00:00:00+05:30,483.0034631053612,487.1883428187823,471.1961521495743,472.98968505859375,51419,0.0,0.0
IGARASHI.NS,2023-07-04 00:00:00+05:30,474.43444447044004,480.2135655464783,469.4524592709024,472.441650390625,48511,0.0,0.0
IGARASHI.NS,2023-07-05 00:00:00+05:30,475.28138702645896,478.7189689698888,471.2459911864539,473.4878845214844,28457,0.0,0.0
IGARASHI.NS,2023-07-06 00:00:00+05:30,474.83299737895595,481.11031697724934,468.4062547137711,470.8972473144531,43606,0.0,0.0
IGARASHI.NS,2023-07-07 00:00:00+05:30,469.6018970902755,478.6691159326855,468.8047916479723,473.7369689941406,30254,0.0,0.0
IGARASHI.NS,2023-07-10 00:00:00+05:30,477.22437598442775,479.1175242849064,463.3246250692989,466.76220703125,40470,0.0,0.0
IGARASHI.NS,2023-07-11 00:00:00+05:30,464.4704817379437,474.235191134789,462.17878067137923,463.57373046875,33656,0.0,0.0
IGARASHI.NS,2023-07-12 00:00:00+05:30,465.2177807624402,468.75500856644146,454.5563504757871,460.98309326171875,49233,0.0,0.0
IGARASHI.NS,2023-07-13 00:00:00+05:30,468.30658602717295,468.6553310557391,452.1649426010595,454.3072204589844,48719,0.0,0.0
IGARASHI.NS,2023-07-14 00:00:00+05:30,455.3534468834859,468.20696260676834,455.3534468834859,465.76580810546875,34733,0.0,0.0
IGARASHI.NS,2023-07-17 00:00:00+05:30,479.2669614924894,502.18409270730695,478.2207567957319,485.54425048828125,263888,0.0,0.0
IGARASHI.NS,2023-07-18 00:00:00+05:30,488.08510700287536,495.15953222605924,474.33480929986473,484.59771728515625,117761,0.0,0.0
IGARASHI.NS,2023-07-19 00:00:00+05:30,485.2453511472013,493.9140174272543,483.25255709731545,489.52984619140625,88586,0.0,0.0
IGARASHI.NS,2023-07-20 00:00:00+05:30,491.2237283447877,500.3905930449002,485.2453462553988,490.127685546875,68046,0.0,0.0
IGARASHI.NS,2023-07-21 00:00:00+05:30,490.12769663328817,498.14871102922336,472.3918415299755,475.03228759765625,103729,0.0,0.0
IGARASHI.NS,2023-07-24 00:00:00+05:30,469.402648177094,485.4944541733519,469.402648177094,478.66912841796875,52740,0.0,0.0
IGARASHI.NS,2023-07-25 00:00:00+05:30,480.71177544288236,532.4746150541391,480.71177544288236,506.1697082519531,836984,0.0,0.0
IGARASHI.NS,2023-07-26 00:00:00+05:30,513.1942490867606,539.7482527591501,508.16245653315775,534.21826171875,594477,0.0,0.0
IGARASHI.NS,2023-07-27 00:00:00+05:30,538.0543688910617,539.5489643602035,515.2368537360649,518.7242431640625,197359,0.0,0.0
IGARASHI.NS,2023-07-28 00:00:00+05:30,519.9199219749946,520.86651125079,508.2122576857612,516.8311157226562,109747,0.0,0.0
IGARASHI.NS,2023-07-31 00:00:00+05:30,519.1272641715206,542.9372114339923,516.6314600168498,532.454833984375,216825,86.562,0.0
IGARASHI.NS,2023-08-01 00:00:00+05:30,533.1037720715431,560.5077141145736,529.1104853893593,554.5676879882812,319107,0.0,0.0
IGARASHI.NS,2023-08-02 00:00:00+05:30,557.812258205704,563.8520923943622,531.3068288614,545.0337524414062,245512,0.0,0.0
IGARASHI.NS,2023-08-03 00:00:00+05:30,537.1969107838629,557.0635380367581,537.1969107838629,555.06689453125,81957,0.0,0.0
IGARASHI.NS,2023-08-04 00:00:00+05:30,552.5710663680576,575.1830774678607,552.5710663680576,560.6075439453125,188800,0.0,0.0
IGARASHI.NS,2023-08-07 00:00:00+05:30,561.05677967475,562.9536152246741,546.0819545944631,548.9771118164062,60949,0.0,0.0
IGARASHI.NS,2023-08-08 00:00:00+05:30,550.9238420013136,563.9519897892368,549.0769711079496,557.2133178710938,67575,0.0,0.0
IGARASHI.NS,2023-08-09 00:00:00+05:30,560.9570115995625,584.0182194829805,524.1189149206235,545.333251953125,785720,0.0,0.0
IGARASHI.NS,2023-08-10 00:00:00+05:30,545.9321911651667,547.0802854804126,531.1570423569843,538.344970703125,96514,0.0,0.0
IGARASHI.NS,2023-08-11 00:00:00+05:30,539.0937431708916,544.0853519039554,531.855910507949,535.3500366210938,69589,0.0,0.0
IGARASHI.NS,2023-08-14 00:00:00+05:30,536.0987830918397,536.1486869931059,510.14241743003737,512.18896484375,125693,0.0,0.0
IGARASHI.NS,2023-08-16 00:00:00+05:30,515.0840980677707,536.5480148163828,513.1872624471304,519.3269653320312,77161,0.0,0.0
IGARASHI.NS,2023-08-17 00:00:00+05:30,522.3219542916924,531.3068500847855,511.29051108782846,515.782958984375,51952,0.0,0.0
IGARASHI.NS,2023-08-18 00:00:00+05:30,516.1323337640434,521.7728759045733,500.25902437018175,506.2988586425781,47121,0.0,0.0
IGARASHI.NS,2023-08-21 00:00:00+05:30,508.59501464605603,520.5249714383344,505.1507925105758,518.2787475585938,35862,0.0,0.0
IGARASHI.NS,2023-08-22 00:00:00+05:30,520.1256404284369,527.06398889325,512.1390662951787,521.922607421875,45667,0.0,0.0
IGARASHI.NS,2023-08-23 00:00:00+05:30,524.0190733582433,532.7044232140315,521.8726573766241,524.6180419921875,35064,0.0,0.0
IGARASHI.NS,2023-08-24 00:00:00+05:30,527.063975010845,531.4565541088052,513.1373745462456,514.8345336914062,49237,0.0,0.0
IGARASHI.NS,2023-08-25 00:00:00+05:30,509.992659187597,572.8868973811994,509.992659187597,556.7640380859375,312136,0.0,0.0
IGARASHI.NS,2023-08-28 00:00:00+05:30,558.061816946706,616.9128919400627,548.627664920902,586.264404296875,820452,0.0,0.0
IGARASHI.NS,2023-08-29 00:00:00+05:30,592.1046085456751,593.701959913386,580.0249396826882,583.5689697265625,100018,0.0,0.0
IGARASHI.NS,2023-08-30 00:00:00+05:30,588.4607711483301,597.5454747531049,574.5840743694913,581.5723266601562,105169,0.0,0.0
IGARASHI.NS,2023-08-31 00:00:00+05:30,581.5723045071447,591.6553904163725,575.6322780997997,577.928466796875,47165,0.0,0.0
IGARASHI.NS,2023-09-01 00:00:00+05:30,579.0265725788543,607.528644266666,569.8420009651975,583.0697631835938,150114,0.0,0.0
IGARASHI.NS,2023-09-04 00:00:00+05:30,582.7203856417566,678.8587526975234,578.6771949629698,658.5928344726562,1261397,0.0,0.0
IGARASHI.NS,2023-09-05 00:00:00+05:30,658.8923562084962,686.5458809207612,640.9225646755372,661.737548828125,646406,0.0,0.0
IGARASHI.NS,2023-09-06 00:00:00+05:30,651.5047311667754,664.3831057489729,641.5714787826718,646.5131225585938,121980,0.0,0.0
IGARASHI.NS,2023-09-07 00:00:00+05:30,646.5130998621429,661.8373743109207,641.1721032119782,645.2651977539062,93499,0.0,0.0
IGARASHI.NS,2023-09-08 00:00:00+05:30,651.8042596512053,667.8772145827236,643.068944811745,654.9988403320312,116808,0.0,0.0
IGARASHI.NS,2023-09-11 00:00:00+05:30,659.8906265571691,677.8105127931852,644.3667367119974,648.7094116210938,131381,0.0,0.0
IGARASHI.NS,2023-09-12 00:00:00+05:30,648.9091454793057,648.9091454793057,593.0530306934266,598.493896484375,175302,0.0,0.0
IGARASHI.NS,2023-09-13 00:00:00+05:30,603.9347524202683,619.7581277210436,585.0664470480592,608.3273315429688,72694,0.0,0.0
IGARASHI.NS,2023-09-14 00:00:00+05:30,608.3272970768646,639.5748147019832,607.5785558097973,634.0840454101562,121241,0.0,0.0
IGARASHI.NS,2023-09-15 00:00:00+05:30,631.4385019274441,637.1788519449664,615.3155814181836,619.508544921875,45382,0.0,0.0
IGARASHI.NS,2023-09-18 00:00:00+05:30,619.2589277863706,619.2589277863706,605.0328438034364,610.3739013671875,50679,0.0,0.0
IGARASHI.NS,2023-09-20 00:00:00+05:30,606.9796043681982,627.9443604401262,601.987995779644,619.2090454101562,102868,0.0,0.0
IGARASHI.NS,2023-09-21 00:00:00+05:30,619.2090176965847,625.4485281530194,596.7966839505273,599.0429077148438,88234,0.0,0.0
IGARASHI.NS,2023-09-22 00:00:00+05:30,600.1910453681718,615.465355882357,594.0014383617233,611.1226806640625,70591,0.0,0.0
IGARASHI.NS,2023-09-25 00:00:00+05:30,611.9711915464018,616.5634469141187,605.1327123924214,611.1725463867188,30091,0.0,0.0
IGARASHI.NS,2023-09-26 00:00:00+05:30,604.8332037192663,632.8361773610308,604.8332037192663,616.7132568359375,55793,0.0,0.0
IGARASHI.NS,2023-09-27 00:00:00+05:30,616.7631212357236,628.8428501139203,612.1708658843983,625.9476928710938,53258,0.0,0.0
IGARASHI.NS,2023-09-28 00:00:00+05:30,629.9409959094754,629.9409959094754,616.9628137433531,620.2572631835938,80985,0.0,0.0
IGARASHI.NS,2023-09-29 00:00:00+05:30,623.2522598821009,637.7279253394057,613.069365787659,616.0643310546875,58799,0.0,0.0
IGARASHI.NS,2023-10-03 00:00:00+05:30,616.2140940828269,632.0874341236635,614.6168036717405,625.8978271484375,81058,0.0,0.0
IGARASHI.NS,2023-10-04 00:00:00+05:30,627.9443301836778,634.8327740770634,610.9728618003352,614.2174072265625,84456,0.0,0.0
IGARASHI.NS,2023-10-05 00:00:00+05:30,620.3071909714788,623.0026718655641,613.9678722731302,615.5152587890625,21130,0.0,0.0
IGARASHI.NS,2023-10-06 00:00:00+05:30,616.3638529204687,623.4020088441592,615.2656624712954,618.8096923828125,56378,0.0,0.0
IGARASHI.NS,2023-10-09 00:00:00+05:30,616.6134571648051,627.9942886272307,593.0530271559929,614.467041015625,50453,0.0,0.0
IGARASHI.NS,2023-10-10 00:00:00+05:30,608.9762555680526,631.9376553681594,608.9762555680526,617.761474609375,46040,0.0,0.0
IGARASHI.NS,2023-10-11 00:00:00+05:30,620.0576188805621,648.7593693934305,610.972915265231,612.8697509765625,78814,0.0,0.0
IGARASHI.NS,2023-10-12 00:00:00+05:30,615.7648167044495,621.9544234745283,605.981276162181,613.4686889648438,39967,0.0,0.0
IGARASHI.NS,2023-10-13 00:00:00+05:30,613.4686966744016,619.4087230923744,610.0244745553484,612.8197631835938,18618,0.0,0.0
IGARASHI.NS,2023-10-16 00:00:00+05:30,609.0261606076422,623.052568760018,608.7266762744945,612.1708984375,33523,0.0,0.0
IGARASHI.NS,2023-10-17 00:00:00+05:30,614.966201250969,640.9225668881852,610.373945549782,617.2623291015625,75130,0.0,0.0
IGARASHI.NS,2023-10-18 00:00:00+05:30,623.4518917786303,673.567652511671,617.5617694688026,656.047119140625,430452,0.0,0.0
IGARASHI.NS,2023-10-19 00:00:00+05:30,656.0471142098163,691.3377611077144,632.0374291392501,637.12890625,505582,0.0,0.0
IGARASHI.NS,2023-10-20 00:00:00+05:30,639.924204719876,654.8990301033365,618.909545284964,622.5034790039062,88359,0.0,0.0
IGARASHI.NS,2023-10-23 00:00:00+05:30,625.6482567661404,628.9427063748926,571.6889780327441,580.773681640625,75968,0.0,0.0
IGARASHI.NS,2023-10-25 00:00:00+05:30,583.7686445127225,598.9930512315237,582.3709696867593,591.5555419921875,82726,0.0,0.0
IGARASHI.NS,2023-10-26 00:00:00+05:30,584.2179034869396,589.9582535808856,569.4427536925449,582.3709716796875,52819,0.0,0.0
IGARASHI.NS,2023-10-27 00:00:00+05:30,587.2128132439545,609.7748584116653,583.2694304960766,595.6985473632812,66343,0.0,0.0
IGARASHI.NS,2023-10-30 00:00:00+05:30,585.0165469427304,614.9162956155121,585.0165469427304,590.3575439453125,55758,0.0,0.0
IGARASHI.NS,2023-10-31 00:00:00+05:30,592.1046080490717,600.7900194972466,584.0182262130575,585.9649658203125,25340,0.0,0.0
IGARASHI.NS,2023-11-01 00:00:00+05:30,587.3126542469953,598.5936774687443,573.9850836908171,578.3277587890625,47647,0.0,0.0
IGARASHI.NS,2023-11-02 00:00:00+05:30,583.0198588334221,593.9514933730926,577.6288974094773,586.6637573242188,27657,0.0,0.0
IGARASHI.NS,2023-11-03 00:00:00+05:30,589.3591853125787,604.9829441340122,577.8784858776924,582.8201904296875,45952,0.0,0.0
IGARASHI.NS,2023-11-06 00:00:00+05:30,584.9665914331231,597.2459357185187,575.0332786859453,580.9234008789062,34919,0.0,0.0
IGARASHI.NS,2023-11-07 00:00:00+05:30,583.8684010542321,588.710297686228,572.886862745776,580.5240478515625,21938,0.0,0.0
IGARASHI.NS,2023-11-08 00:00:00+05:30,583.0198597278915,586.2644051801443,573.7853842099412,579.8751220703125,23307,0.0,0.0
IGARASHI.NS,2023-11-09 00:00:00+05:30,579.8751146596269,587.811784081791,574.0848611899949,578.5274047851562,22114,0.0,0.0
IGARASHI.NS,2023-11-10 00:00:00+05:30,576.0316457223862,623.7514128521847,574.0350022363467,580.6239013671875,198076,0.0,0.0
IGARASHI.NS,2023-11-13 00:00:00+05:30,578.5274488190215,579.0266096894434,545.2833470354653,550.1251831054688,84271,0.0,0.0
IGARASHI.NS,2023-11-15 00:00:00+05:30,551.4729505766194,553.4695940458574,526.4150384780489,529.2103271484375,163148,0.0,0.0
IGARASHI.NS,2023-11-16 00:00:00+05:30,533.8026212727478,539.8424553270332,522.2220530778061,525.1671142578125,93425,0.0,0.0
IGARASHI.NS,2023-11-17 00:00:00+05:30,524.118870869127,551.2732321749855,518.3286174346404,545.6326904296875,189346,0.0,0.0
IGARASHI.NS,2023-11-20 00:00:00+05:30,544.1352629514045,552.5710940076231,532.7044666160117,537.895751953125,70317,0.0,0.0
IGARASHI.NS,2023-11-21 00:00:00+05:30,542.0886634583949,552.0718800966711,519.6264260222736,524.46826171875,96083,0.0,0.0
IGARASHI.NS,2023-11-22 00:00:00+05:30,528.1121762118166,528.8110135842743,519.1771848625206,520.7745361328125,49414,0.0,0.0
IGARASHI.NS,2023-11-23 00:00:00+05:30,517.9791946260711,529.0606021616908,514.1356804173986,518.5283203125,48091,0.0,0.0
IGARASHI.NS,2023-11-24 00:00:00+05:30,519.0773856442025,528.1121849391311,507.59668597161277,514.934326171875,49736,0.0,0.0
IGARASHI.NS,2023-11-28 00:00:00+05:30,514.1356913719212,548.0786302197763,514.0857874719248,539.5928955078125,242589,0.0,0.0
IGARASHI.NS,2023-11-29 00:00:00+05:30,553.0702584276349,565.49937660231,536.0987884036822,556.0153198242188,290908,0.0,0.0
IGARASHI.NS,2023-11-30 00:00:00+05:30,556.0652119832037,564.7506233515328,535.8991005469987,539.3433227539062,185197,0.0,0.0
IGARASHI.NS,2023-12-01 00:00:00+05:30,544.085357841571,556.0652189316606,539.0937490540337,543.4863891601562,96320,0.0,0.0
IGARASHI.NS,2023-12-04 00:00:00+05:30,552.0718843627819,556.015267151917,541.3399263937043,550.5744018554688,69420,0.0,0.0
IGARASHI.NS,2023-12-05 00:00:00+05:30,551.0736127237006,554.8173193318779,530.4083400600169,532.30517578125,75656,0.0,0.0
IGARASHI.NS,2023-12-06 00:00:00+05:30,533.3034750165209,539.8424700960499,526.0656425464398,530.2586059570312,53146,0.0,0.0
IGARASHI.NS,2023-12-07 00:00:00+05:30,531.0572601437127,535.8491922944072,520.3752053720723,523.2203979492188,61592,0.0,0.0
IGARASHI.NS,2023-12-08 00:00:00+05:30,526.9142152678132,538.0455273182736,524.1189265129558,526.3152465820312,46497,0.0,0.0
IGARASHI.NS,2023-12-11 00:00:00+05:30,537.7959155456173,537.7959155456173,525.1671215837181,526.9141845703125,31556,0.0,0.0
IGARASHI.NS,2023-12-12 00:00:00+05:30,529.3101979348057,532.1553905164175,515.3835974963029,519.2271118164062,49404,0.0,0.0
IGARASHI.NS,2023-12-13 00:00:00+05:30,519.227112186981,525.3169113557602,514.1855995905448,517.6298217773438,34014,0.0,0.0
IGARASHI.NS,2023-12-14 00:00:00+05:30,520.4251240004601,539.0937531958233,520.3253161970323,525.5166015625,76642,0.0,0.0
IGARASHI.NS,2023-12-15 00:00:00+05:30,527.0140537805551,529.7594384762749,518.1289662104093,524.5182495117188,43232,0.0,0.0
IGARASHI.NS,2023-12-18 00:00:00+05:30,525.1172314005534,537.9956061254811,524.5182627340221,534.401611328125,50751,0.0,0.0
IGARASHI.NS,2023-12-19 00:00:00+05:30,534.4016198276888,537.9456498485988,527.1138832496084,530.55810546875,27536,0.0,0.0
IGARASHI.NS,2023-12-20 00:00:00+05:30,526.3152282903752,533.1038038684476,499.26070331164425,502.9045715332031,68435,0.0,0.0
IGARASHI.NS,2023-12-21 00:00:00+05:30,502.9045560125695,516.8311559040771,497.16420624170644,504.6017150878906,77696,0.0,0.0
IGARASHI.NS,2023-12-22 00:00:00+05:30,507.5966858117232,525.5664765979426,507.5966858117232,515.7329711914062,47297,0.0,0.0
IGARASHI.NS,2023-12-26 00:00:00+05:30,510.192299180421,519.9259358809942,504.35214153316576,508.7447509765625,64026,0.0,0.0
IGARASHI.NS,2023-12-27 00:00:00+05:30,511.1407346747777,538.4947749269471,511.1407346747777,533.3533935546875,95069,0.0,0.0
IGARASHI.NS,2023-12-28 00:00:00+05:30,536.2485380246985,543.9855313799995,518.1788782739748,521.0740356445312,91974,0.0,0.0
IGARASHI.NS,2023-12-29 00:00:00+05:30,523.1205913011321,526.115556518505,511.8395678355722,518.0291748046875,65523,0.0,0.0
IGARASHI.NS,2024-01-01 00:00:00+05:30,520.824471213734,524.3685012536537,516.0824428825491,517.7796020507812,29260,0.0,0.0
IGARASHI.NS,2024-01-02 00:00:00+05:30,519.326948846322,547.9288283484025,514.6847286726422,527.8126831054688,160320,0.0,0.0
IGARASHI.NS,2024-01-03 00:00:00+05:30,527.8127300089747,534.1021449498768,521.123961988478,522.7212524414062,35803,0.0,0.0
IGARASHI.NS,2024-01-04 00:00:00+05:30,523.7195591451548,531.1570682764401,518.1289817879693,522.0224609375,23396,0.0,0.0
IGARASHI.NS,2024-01-05 00:00:00+05:30,523.9191935050628,567.0467012820742,518.1289400799234,553.219970703125,552367,0.0,0.0
IGARASHI.NS,2024-01-08 00:00:00+05:30,553.2698841075394,559.1100415293593,537.5962216338074,539.7925415039062,79696,0.0,0.0
IGARASHI.NS,2024-01-09 00:00:00+05:30,549.0769202001406,562.0551019503258,540.4913781846443,544.1851196289062,87697,0.0,0.0
IGARASHI.NS,2024-01-10 00:00:00+05:30,546.7808233611457,554.567720663668,539.8923790554205,543.586181640625,75286,0.0,0.0
IGARASHI.NS,2024-01-11 00:00:00+05:30,543.0870326002217,568.7439137901226,542.3382912868942,559.4595336914062,177106,0.0,0.0
IGARASHI.NS,2024-01-12 00:00:00+05:30,564.0517744901507,568.045061389196,551.3730763991373,556.7640380859375,89528,0.0,0.0
IGARASHI.NS,2024-01-15 00:00:00+05:30,556.7640485672479,558.2615311825806,538.3450002121108,542.937255859375,65030,0.0,0.0
IGARASHI.NS,2024-01-16 00:00:00+05:30,548.9771545651763,552.770765027713,519.1273098743136,527.7628173828125,82606,0.0,0.0
IGARASHI.NS,2024-01-17 00:00:00+05:30,524.4683013178027,528.1122000389871,514.1855995905448,517.6298217773438,49667,0.0,0.0
IGARASHI.NS,2024-01-18 00:00:00+05:30,519.1272662407084,529.3101594188969,507.14740625053827,516.481689453125,77909,0.0,0.0
IGARASHI.NS,2024-01-19 00:00:00+05:30,521.6231091509484,525.7162039118665,513.3869547959334,515.6331787109375,49581,0.0,0.0
IGARASHI.NS,2024-01-23 00:00:00+05:30,542.338276560681,543.985531778363,514.1356878578017,519.077392578125,62608,0.0,0.0
IGARASHI.NS,2024-01-24 00:00:00+05:30,519.1272959259924,532.9540274155476,511.989271233921,521.8726806640625,53266,0.0,0.0
IGARASHI.NS,2024-01-25 00:00:00+05:30,522.1222718793397,548.0786372117734,522.1222718793397,542.937255859375,72967,0.0,0.0
IGARASHI.NS,2024-01-29 00:00:00+05:30,546.7808025955388,548.0786086078841,529.1104964702706,529.5597534179688,46766,0.0,0.0
IGARASHI.NS,2024-01-30 00:00:00+05:30,533.3034416956117,575.0831786945844,525.1171919164541,551.2233276367188,202479,0.0,0.0
IGARASHI.NS,2024-01-31 00:00:00+05:30,552.0718831410394,567.8952572268767,549.1268220299638,559.359619140625,89472,0.0,0.0
IGARASHI.NS,2024-02-01 00:00:00+05:30,552.0719226444576,559.0601748298304,545.1335743595783,550.5245361328125,54930,0.0,0.0
IGARASHI.NS,2024-02-02 00:00:00+05:30,551.2233592603898,556.1150991038133,543.0870129107883,545.0337524414062,44479,0.0,0.0
IGARASHI.NS,2024-02-05 00:00:00+05:30,545.0337647586822,573.0366773081911,544.0354430212114,559.3097534179688,164846,0.0,0.0
IGARASHI.NS,2024-02-06 00:00:00+05:30,551.3730773744,563.5027107247939,549.9254986843912,551.57275390625,48397,0.0,0.0
IGARASHI.NS,2024-02-07 00:00:00+05:30,555.0668720614667,558.91038628089,549.4762948454471,552.6209716796875,33142,0.0,0.0
IGARASHI.NS,2024-02-08 00:00:00+05:30,555.0668842166621,557.1134315852329,528.1621012933566,530.4083251953125,78339,0.0,0.0
IGARASHI.NS,2024-02-09 00:00:00+05:30,532.1054789259833,546.9804969876222,511.1906266203031,518.6780395507812,165767,0.0,0.0
IGARASHI.NS,2024-02-12 00:00:00+05:30,511.2405382107825,518.6281434530783,469.3609595361113,480.9414978027344,97108,0.0,0.0
IGARASHI.NS,2024-02-13 00:00:00+05:30,480.94149110311446,495.3672522184395,471.207854282657,475.9997863769531,79899,0.0,0.0
IGARASHI.NS,2024-02-14 00:00:00+05:30,471.2078512439377,499.06102110343215,459.37773278363017,492.5719299316406,55363,0.0,0.0
IGARASHI.NS,2024-02-15 00:00:00+05:30,492.57192380284476,510.19229582604294,479.1944190314878,484.0362854003906,108701,0.0,0.0
IGARASHI.NS,2024-02-16 00:00:00+05:30,484.4355994746719,496.1658793176959,484.4355994746719,489.47711181640625,43593,0.0,0.0
IGARASHI.NS,2024-02-19 00:00:00+05:30,492.5719351493323,521.1239427009315,487.23090780424013,504.9012145996094,141329,0.0,0.0
IGARASHI.NS,2024-02-20 00:00:00+05:30,505.1507891993369,505.1507891993369,491.1742851503434,495.1675720214844,47132,0.0,0.0
IGARASHI.NS,2024-02-21 00:00:00+05:30,495.86639529223305,501.057649797095,484.23592323808737,487.87982177734375,54969,0.0,0.0
IGARASHI.NS,2024-02-22 00:00:00+05:30,488.17932854492165,494.16925895651576,478.19611119226477,490.1260681152344,41726,0.0,0.0
IGARASHI.NS,2024-02-23 00:00:00+05:30,492.8714434457293,525.1172226905637,492.42218648692113,499.5601806640625,312231,0.0,0.0
IGARASHI.NS,2024-02-26 00:00:00+05:30,494.1692355337491,509.2438991150203,485.2342442400797,492.2724304199219,126841,0.0,0.0
IGARASHI.NS,2024-02-27 00:00:00+05:30,496.01613802890154,497.9628470456024,476.49893069938923,484.086181640625,59255,0.0,0.0
IGARASHI.NS,2024-02-28 00:00:00+05:30,485.9829969535626,489.47712294368245,465.21791754168,470.0597839355469,73170,0.0,0.0
IGARASHI.NS,2024-02-29 00:00:00+05:30,470.0597989007933,493.1709411636728,465.01825581758237,471.35760498046875,85537,0.0,0.0
IGARASHI.NS,2024-03-01 00:00:00+05:30,471.8068448368998,490.1759581530283,471.8068448368998,482.0396423339844,59888,0.0,0.0
IGARASHI.NS,2024-03-04 00:00:00+05:30,487.23091289682014,490.0761359483705,477.2976298661577,479.34417724609375,39967,0.0,0.0
IGARASHI.NS,2024-03-05 00:00:00+05:30,479.34415552741075,482.98802361911316,469.21119642137023,472.1063232421875,43144,0.0,0.0
IGARASHI.NS,2024-03-06 00:00:00+05:30,473.20448559819175,473.20448559819175,452.8387290201493,457.93017578125,52622,0.0,0.0
IGARASHI.NS,2024-03-07 00:00:00+05:30,458.47923930632584,471.1080026789765,458.42933540802443,465.3177490234375,53756,0.0,0.0
IGARASHI.NS,2024-03-11 00:00:00+05:30,465.31775689420675,468.9616250562948,460.2762139597137,463.87017822265625,85495,0.0,0.0
IGARASHI.NS,2024-03-12 00:00:00+05:30,464.66884872237,465.6671704251003,448.69570147868495,449.3446044921875,78765,0.0,0.0
IGARASHI.NS,2024-03-13 00:00:00+05:30,449.74393281847284,457.2313456844851,401.3253296182599,417.997314453125,102220,0.0,0.0
IGARASHI.NS,2024-03-14 00:00:00+05:30,417.997319516466,436.5660792760174,410.8592947913136,431.125244140625,72690,0.0,0.0
IGARASHI.NS,2024-03-15 00:00:00+05:30,431.125222157226,441.457857603889,415.65123616905584,424.68603515625,72716,0.0,0.0
IGARASHI.NS,2024-03-18 00:00:00+05:30,426.2334752450612,431.8240525656779,419.89412615981894,423.5379943847656,64999,0.0,0.0
IGARASHI.NS,2024-03-19 00:00:00+05:30,426.98220139393567,427.2317818178352,419.2452082530489,422.24017333984375,43462,0.0,0.0
IGARASHI.NS,2024-03-20 00:00:00+05:30,422.1902394658554,426.78252536421616,404.6197715096355,419.2452087402344,97303,0.0,0.0
IGARASHI.NS,2024-03-21 00:00:00+05:30,423.2384945622575,431.72422896535585,419.34501558068877,425.03546142578125,76007,0.0,0.0
IGARASHI.NS,2024-03-22 00:00:00+05:30,423.18855256581145,434.26992926799073,423.18855256581145,425.2850341796875,78486,0.0,0.0
IGARASHI.NS,2024-03-26 00:00:00+05:30,421.29174951895203,428.5794856060772,409.3617932405799,411.5082092285156,109416,0.0,0.0
IGARASHI.NS,2024-03-27 00:00:00+05:30,415.3018348555201,422.8890860086528,406.56651981949653,411.2087097167969,142452,0.0,0.0
IGARASHI.NS,2024-03-28 00:00:00+05:30,411.30854826917056,420.4431859056627,407.3152613927708,409.61138916015625,87995,0.0,0.0
IGARASHI.NS,2024-04-01 00:00:00+05:30,413.2053497736349,433.2716222426617,413.2053497736349,430.17681884765625,51743,0.0,0.0
IGARASHI.NS,2024-04-02 00:00:00+05:30,424.28673902960963,449.0950403343779,424.2368351292096,444.4528503417969,71548,0.0,0.0
IGARASHI.NS,2024-04-03 00:00:00+05:30,439.311467131889,457.18145055463157,439.311467131889,453.8370666503906,42780,0.0,0.0
IGARASHI.NS,2024-04-04 00:00:00+05:30,458.9784094408527,459.22798987013,450.2430944161492,455.6839599609375,29908,0.0,0.0
IGARASHI.NS,2024-04-05 00:00:00+05:30,457.23132973786807,468.3626103838477,453.28794691275516,464.7686462402344,53505,0.0,0.0
IGARASHI.NS,2024-04-08 00:00:00+05:30,464.7686704750672,468.21289263944993,457.23135357967607,458.0299987792969,70819,0.0,0.0
IGARASHI.NS,2024-04-09 00:00:00+05:30,458.2296614873304,466.21623510802465,441.5077729690019,449.54425048828125,41704,0.0,0.0
IGARASHI.NS,2024-04-10 00:00:00+05:30,451.241409818312,455.5841153202338,445.45115612665666,448.1466064453125,31591,0.0,0.0
IGARASHI.NS,2024-04-12 00:00:00+05:30,445.25148685583883,453.1881567116746,443.3047473164494,449.8936767578125,45106,0.0,0.0
IGARASHI.NS,2024-04-15 00:00:00+05:30,448.2464623784329,448.2464623784329,431.47466929112977,436.6659240722656,28701,0.0,0.0
IGARASHI.NS,2024-04-16 00:00:00+05:30,431.2749856404365,440.2099772748558,431.1252434748058,434.51953125,20323,0.0,0.0
IGARASHI.NS,2024-04-18 00:00:00+05:30,435.76742350897837,459.1281452739195,435.76742350897837,447.547607421875,64826,0.0,0.0
IGARASHI.NS,2024-04-19 00:00:00+05:30,443.45453042776137,493.6701019141865,435.31818384921064,471.95660400390625,378697,0.0,0.0
IGARASHI.NS,2024-04-22 00:00:00+05:30,479.14451566430637,487.1809932225188,474.2028110260173,480.8416442871094,77835,0.0,0.0
IGARASHI.NS,2024-04-23 00:00:00+05:30,482.9880302972357,483.98635200555276,473.5039740682239,478.4456787109375,43316,0.0,0.0
IGARASHI.NS,2024-04-24 00:00:00+05:30,478.7951268766422,527.113894440407,476.74854896878895,515.134033203125,513578,0.0,0.0
IGARASHI.NS,2024-04-25 00:00:00+05:30,516.1323526476726,544.0853620753995,515.1839347841154,525.1172485351562,211114,0.0,0.0
IGARASHI.NS,2024-04-26 00:00:00+05:30,525.1172451745489,546.0820021111754,524.8676647348271,539.8923950195312,178704,0.0,0.0
IGARASHI.NS,2024-04-29 00:00:00+05:30,543.7858536621931,573.8852169933084,541.1402767282258,567.5458984375,263844,0.0,0.0
IGARASHI.NS,2024-04-30 00:00:00+05:30,567.5458794282623,568.0450402720867,541.0903547055728,542.7376098632812,101945,0.0,0.0
IGARASHI.NS,2024-05-02 00:00:00+05:30,543.0870080191813,546.7309066188691,527.1637646232512,529.3101806640625,99525,0.0,0.0
IGARASHI.NS,2024-05-03 00:00:00+05:30,534.9506551380426,537.7959085244114,516.1323155869267,522.371826171875,59309,0.0,0.0
IGARASHI.NS,2024-05-06 00:00:00+05:30,528.1121856570244,528.1121856570244,508.1457514166832,511.1407165527344,55234,0.0,0.0
IGARASHI.NS,2024-05-07 00:00:00+05:30,511.14070296396875,521.9724688783008,493.17091262539174,500.2590026855469,99288,0.0,0.0
IGARASHI.NS,2024-05-08 00:00:00+05:30,501.8563426381144,526.5149013974733,496.5153153236051,520.275390625,53190,0.0,0.0
IGARASHI.NS,2024-05-09 00:00:00+05:30,524.1687988860377,526.6146992491896,486.1826702073087,488.42889404296875,46005,0.0,0.0
IGARASHI.NS,2024-05-10 00:00:00+05:30,500.05934107453504,511.939363392716,490.1260582876323,501.9561462402344,57149,0.0,0.0
IGARASHI.NS,2024-05-13 00:00:00+05:30,501.20739588465614,518.9276060096712,484.984668305417,510.990966796875,41001,0.0,0.0
IGARASHI.NS,2024-05-14 00:00:00+05:30,513.2371735918207,525.5664834346026,509.9926584573533,520.6746826171875,57054,0.0,0.0
IGARASHI.NS,2024-05-15 00:00:00+05:30,521.1239552051127,532.4049788304792,515.7329933643839,518.9775390625,34671,0.0,0.0
IGARASHI.NS,2024-05-16 00:00:00+05:30,523.7695095112399,526.8642824390724,512.6881019708894,516.9309692382812,50204,0.0,0.0
IGARASHI.NS,2024-05-17 00:00:00+05:30,516.8810718790261,531.1071564261551,516.8810718790261,522.6713256835938,34121,0.0,0.0
IGARASHI.NS,2024-05-21 00:00:00+05:30,525.915896184955,526.8643140528837,513.187293619016,514.7346801757812,41303,0.0,0.0
IGARASHI.NS,2024-05-22 00:00:00+05:30,518.9276197736316,527.563127056408,515.1340094102557,519.8760375976562,51830,0.0,0.0
IGARASHI.NS,2024-05-23 00:00:00+05:30,522.9708176986443,528.5614559870206,489.4272316992792,522.4217529296875,119935,0.0,0.0
IGARASHI.NS,2024-05-24 00:00:00+05:30,519.0274764512434,521.1239276491573,497.1143029392221,500.8080749511719,63488,0.0,0.0
IGARASHI.NS,2024-05-27 00:00:00+05:30,496.16590263201726,504.8013795523605,487.2309109111536,489.12774658203125,54706,0.0,0.0
IGARASHI.NS,2024-05-28 00:00:00+05:30,489.1277419038171,492.6717718450332,472.25608035913524,473.8034973144531,64509,0.0,0.0
IGARASHI.NS,2024-05-29 00:00:00+05:30,466.71540736542147,478.84501025501527,466.71540736542147,471.607177734375,35517,0.0,0.0
IGARASHI.NS,2024-05-30 00:00:00+05:30,469.2111973196253,479.1944142838726,464.2694927357787,466.5157165527344,67166,0.0,0.0
IGARASHI.NS,2024-05-31 00:00:00+05:30,466.51573286293257,476.84836887544753,459.32783467718934,461.42431640625,44609,0.0,0.0
IGARASHI.NS,2024-06-03 00:00:00+05:30,469.2112053024629,482.3890641060126,462.12311504398326,464.8684997558594,39958,0.0,0.0
IGARASHI.NS,2024-06-04 00:00:00+05:30,464.868490070617,465.1680048582162,409.3118939701375,430.0270690917969,85758,0.0,0.0
IGARASHI.NS,2024-06-05 00:00:00+05:30,430.02708171717364,459.1780881837912,422.6395070682356,443.90374755859375,52976,0.0,0.0
IGARASHI.NS,2024-06-06 00:00:00+05:30,454.23637778615074,478.2959370764476,450.9918322305354,475.4507141113281,88177,0.0,0.0
IGARASHI.NS,2024-06-07 00:00:00+05:30,473.2044890412576,484.93476909660524,469.2112022139052,482.6386413574219,36655,0.0,0.0
IGARASHI.NS,2024-06-10 00:00:00+05:30,482.73844086959576,498.1625231620593,482.73844086959576,486.68182373046875,19317,0.0,0.0
IGARASHI.NS,2024-06-11 00:00:00+05:30,486.182685204469,496.1659025597969,482.53881696304666,489.327392578125,38410,0.0,0.0
IGARASHI.NS,2024-06-12 00:00:00+05:30,484.73510884639217,527.1138789113184,484.73510884639217,514.8345336914062,89116,0.0,0.0
IGARASHI.NS,2024-06-13 00:00:00+05:30,527.1138483585084,527.1138483585084,505.69983608240005,510.2422180175781,89520,0.0,0.0
IGARASHI.NS,2024-06-14 00:00:00+05:30,509.1440640685778,525.0673072784432,506.84793635834205,519.975830078125,97448,0.0,0.0
IGARASHI.NS,2024-06-18 00:00:00+05:30,525.1172296473255,556.1650110575669,522.5715214239829,543.586181640625,215379,0.0,0.0
IGARASHI.NS,2024-06-19 00:00:00+05:30,547.8789325652193,553.9187666172834,524.6180493204293,526.7644653320312,76334,0.0,0.0
IGARASHI.NS,2024-06-20 00:00:00+05:30,526.7644502804129,534.0521862396542,522.1222301706267,524.8676147460938,36918,0.0,0.0
IGARASHI.NS,2024-06-21 00:00:00+05:30,524.8177192564985,528.4615568281305,510.69144311426504,519.4267578125,42496,0.0,0.0
IGARASHI.NS,2024-06-24 00:00:00+05:30,519.426789997711,525.0174283106255,508.2456047709671,511.4402160644531,37215,0.0,0.0
IGARASHI.NS,2024-06-25 00:00:00+05:30,514.1356896957625,516.6813979145076,507.74643673262136,509.4934997558594,32271,0.0,0.0
IGARASHI.NS,2024-06-26 00:00:00+05:30,512.1390409467493,512.4884291746963,491.7233496425421,496.5652160644531,78926,0.0,0.0
IGARASHI.NS,2024-06-27 00:00:00+05:30,495.067743990022,518.927627445027,477.2976292326614,482.538818359375,95223,0.0,0.0
IGARASHI.NS,2024-06-28 00:00:00+05:30,488.3789832635645,496.86471763428136,481.93979617218235,483.6868591308594,64794,0.0,0.0
IGARASHI.NS,2024-07-01 00:00:00+05:30,487.9297422056342,496.4653807523034,478.7951045317831,480.99139404296875,99208,0.0,0.0
IGARASHI.NS,2024-07-02 00:00:00+05:30,486.0828314210943,508.14574716535736,485.9330892588167,491.62353515625,156516,0.0,0.0
IGARASHI.NS,2024-07-03 00:00:00+05:30,495.86640914219817,502.9544689615497,489.72670620805184,496.5652160644531,55078,0.0,0.0
IGARASHI.NS,2024-07-04 00:00:00+05:30,494.5685580537137,503.9527758259678,489.1776270327473,492.4720764160156,47213,0.0,0.0
IGARASHI.NS,2024-07-05 00:00:00+05:30,492.5719342870951,514.1356896957625,492.27244995537023,509.4934997558594,74557,0.0,0.0
IGARASHI.NS,2024-07-08 00:00:00+05:30,514.9343370996766,516.2821079973025,497.1642224593605,498.511962890625,68376,0.0,0.0
IGARASHI.NS,2024-07-09 00:00:00+05:30,504.05262023239686,509.14406699562517,494.1193375972985,502.2057189941406,74592,0.0,0.0
IGARASHI.NS,2024-07-10 00:00:00+05:30,504.95110424028917,505.69984551612964,491.47376127516014,499.0111083984375,73984,0.0,0.0
IGARASHI.NS,2024-07-11 00:00:00+05:30,495.3672318617761,514.6348281793272,495.3672318617761,504.4519348144531,135980,0.0,0.0
IGARASHI.NS,2024-07-12 00:00:00+05:30,505.74977030786704,514.4351506633984,504.70151426171606,511.0408630371094,98267,0.0,0.0
IGARASHI.NS,2024-07-15 00:00:00+05:30,514.0358503830308,533.0538659406886,509.144049844768,514.4850463867188,132121,0.0,0.0
IGARASHI.NS,2024-07-16 00:00:00+05:30,518.4284753704242,523.5698567836032,511.63989962054035,514.1856079101562,46560,0.0,0.0
IGARASHI.NS,2024-07-18 00:00:00+05:30,513.8861014409075,521.9225790389173,504.1524647453293,510.14239501953125,79480,0.0,0.0
IGARASHI.NS,2024-07-19 00:00:00+05:30,515.2837627311064,515.2837627311064,492.32233348099277,497.6633605957031,80639,0.0,0.0
IGARASHI.NS,2024-07-22 00:00:00+05:30,495.16755969694333,528.7611090373746,489.177629539319,524.767822265625,133638,0.0,0.0
IGARASHI.NS,2024-07-23 00:00:00+05:30,524.7678329498368,524.8177368489556,489.7766386201487,507.5467529296875,103456,0.0,0.0
IGARASHI.NS,2024-07-24 00:00:00+05:30,504.5517967104143,523.5199400641324,498.11263982583904,500.708251953125,124358,0.0,0.0
IGARASHI.NS,2024-07-25 00:00:00+05:30,504.2523161256049,527.1138778401735,504.2523161256049,520.0258178710938,110288,0.0,0.0
IGARASHI.NS,2024-07-26 00:00:00+05:30,526.6146913292501,546.0819642788623,521.6729867785739,535.1503295898438,130337,0.0,0.0
IGARASHI.NS,2024-07-29 00:00:00+05:30,542.2883647590121,577.0299480612783,535.100436264438,561.8055419921875,294830,0.0,0.0
IGARASHI.NS,2024-07-30 00:00:00+05:30,562.8038725801815,606.9297050204626,562.8038725801815,594.8499755859375,1169710,0.0,0.0
IGARASHI.NS,2024-07-31 00:00:00+05:30,593.2999877929688,630.0,591.8499755859375,616.8499755859375,786830,86.562,0.0
IGARASHI.NS,2024-08-01 00:00:00+05:30,617.0,624.0499877929688,601.0,602.5499877929688,216458,0.0,0.0
IGARASHI.NS,2024-08-02 00:00:00+05:30,595.5499877929688,612.7999877929688,593.5499877929688,602.0,130447,0.0,0.0
IGARASHI.NS,2024-08-05 00:00:00+05:30,579.0999755859375,595.4500122070312,562.7999877929688,570.9500122070312,176799,0.0,0.0
IGARASHI.NS,2024-08-06 00:00:00+05:30,580.5499877929688,599.0,554.0,557.7000122070312,99475,0.0,0.0
IGARASHI.NS,2024-08-07 00:00:00+05:30,564.0,594.7999877929688,560.2000122070312,591.4000244140625,103653,0.0,0.0
IGARASHI.NS,2024-08-08 00:00:00+05:30,590.0,675.0,574.0,657.5499877929688,2306833,0.0,0.0
IGARASHI.NS,2024-08-09 00:00:00+05:30,663.9000244140625,672.1500244140625,641.5999755859375,652.0999755859375,423567,0.0,0.0
IGARASHI.NS,2024-08-12 00:00:00+05:30,657.4000244140625,684.7000122070312,640.0999755859375,652.4000244140625,945721,0.0,0.0
IGARASHI.NS,2024-08-13 00:00:00+05:30,657.4000244140625,664.8499755859375,620.2000122070312,625.6500244140625,145686,0.0,0.0
IGARASHI.NS,2024-08-14 00:00:00+05:30,628.9500122070312,639.7000122070312,614.0999755859375,619.8499755859375,131381,0.0,0.0
IGARASHI.NS,2024-08-16 00:00:00+05:30,626.9000244140625,644.0,624.1500244140625,639.9500122070312,126119,0.0,0.0
IGARASHI.NS,2024-08-19 00:00:00+05:30,648.0,660.5,642.0,645.5,139373,0.0,0.0
IGARASHI.NS,2024-08-20 00:00:00+05:30,650.0,694.25,639.1500244140625,683.4000244140625,524140,0.0,0.0
IGARASHI.NS,2024-08-21 00:00:00+05:30,696.9500122070312,709.0,681.0999755859375,694.75,546704,0.0,0.0
IGARASHI.NS,2024-08-22 00:00:00+05:30,694.75,698.7999877929688,675.1500244140625,677.0999755859375,165197,0.0,0.0
IGARASHI.NS,2024-08-23 00:00:00+05:30,679.0499877929688,713.0,675.8499755859375,704.7999877929688,367412,0.0,0.0
IGARASHI.NS,2024-08-26 00:00:00+05:30,719.0,792.1500244140625,715.0999755859375,747.0999755859375,1538928,0.0,0.0
IGARASHI.NS,2024-08-27 00:00:00+05:30,759.9000244140625,781.2000122070312,747.5,767.9500122070312,335386,0.0,0.0
IGARASHI.NS,2024-08-28 00:00:00+05:30,767.4000244140625,767.4000244140625,736.0999755859375,740.5499877929688,172954,0.0,0.0
IGARASHI.NS,2024-08-29 00:00:00+05:30,739.75,748.75,715.7999877929688,726.2000122070312,133731,0.0,0.0
IGARASHI.NS,2024-08-30 00:00:00+05:30,726.0,733.4500122070312,709.0499877929688,711.3499755859375,115110,0.0,0.0
IGARASHI.NS,2024-09-02 00:00:00+05:30,715.9000244140625,724.9000244140625,700.0,705.0499877929688,99791,0.0,0.0
IGARASHI.NS,2024-09-03 00:00:00+05:30,706.0,728.9500122070312,702.0499877929688,706.0,60275,0.0,0.0
IGARASHI.NS,2024-09-04 00:00:00+05:30,703.0,734.4500122070312,701.0499877929688,724.8499755859375,175767,0.0,0.0
IGARASHI.NS,2024-09-05 00:00:00+05:30,730.0,736.0,714.5999755859375,719.4500122070312,76569,0.0,0.0
IGARASHI.NS,2024-09-06 00:00:00+05:30,721.1500244140625,722.0,695.9500122070312,702.2999877929688,84977,0.0,0.0
IGARASHI.NS,2024-09-09 00:00:00+05:30,702.2999877929688,708.0499877929688,681.7999877929688,701.9000244140625,61281,0.0,0.0
IGARASHI.NS,2024-09-10 00:00:00+05:30,705.5999755859375,722.7999877929688,704.5999755859375,707.4500122070312,60261,0.0,0.0
IGARASHI.NS,2024-09-11 00:00:00+05:30,710.0,712.4500122070312,685.7999877929688,695.5499877929688,52719,0.0,0.0
IGARASHI.NS,2024-09-12 00:00:00+05:30,699.0,705.0,683.0,699.8499755859375,62289,0.0,0.0
IGARASHI.NS,2024-09-13 00:00:00+05:30,699.0,715.0,698.3499755859375,712.7999877929688,69456,0.0,0.0
IGARASHI.NS,2024-09-16 00:00:00+05:30,713.9000244140625,726.0999755859375,694.0,696.0999755859375,71768,0.0,0.0
IGARASHI.NS,2024-09-17 00:00:00+05:30,698.7999877929688,700.0999755859375,685.0,686.25,35567,0.0,0.0
IGARASHI.NS,2024-09-18 00:00:00+05:30,685.0,704.8499755859375,670.0499877929688,673.3499755859375,68136,0.0,0.0
IGARASHI.NS,2024-09-19 00:00:00+05:30,676.9500122070312,684.9000244140625,647.0,651.25,115978,0.0,0.0
IGARASHI.NS,2024-09-20 00:00:00+05:30,651.25,681.4000244140625,651.25,662.2000122070312,65006,0.0,0.0
IGARASHI.NS,2024-09-23 00:00:00+05:30,669.7999877929688,682.7000122070312,666.0,671.7999877929688,51789,0.0,0.0
IGARASHI.NS,2024-09-24 00:00:00+05:30,676.9000244140625,691.2000122070312,656.1500244140625,659.2999877929688,76427,0.0,0.0
IGARASHI.NS,2024-09-25 00:00:00+05:30,664.0,664.0,626.0999755859375,631.0999755859375,114167,0.0,0.0
IGARASHI.NS,2024-09-26 00:00:00+05:30,636.0,650.0,624.0499877929688,631.4000244140625,98871,0.0,0.0
IGARASHI.NS,2024-09-27 00:00:00+05:30,634.6500244140625,646.9500122070312,628.75,633.5999755859375,55821,0.0,0.0
IGARASHI.NS,2024-09-30 00:00:00+05:30,632.0,647.0,624.0,639.1500244140625,47327,0.0,0.0
IGARASHI.NS,2024-10-01 00:00:00+05:30,637.2999877929688,646.5,634.0499877929688,641.7999877929688,34184,0.0,0.0
IGARASHI.NS,2024-10-03 00:00:00+05:30,634.6500244140625,654.0,625.75,640.25,44099,0.0,0.0
IGARASHI.NS,2024-10-04 00:00:00+05:30,635.0,664.4500122070312,626.5999755859375,642.6500244140625,80405,0.0,0.0
IGARASHI.NS,2024-10-07 00:00:00+05:30,642.6500244140625,647.2000122070312,595.0,605.25,83390,0.0,0.0
IGARASHI.NS,2024-10-08 00:00:00+05:30,601.0,634.4500122070312,601.0,631.0,81028,0.0,0.0
IGARASHI.NS,2024-10-09 00:00:00+05:30,631.8499755859375,649.2000122070312,629.9500122070312,636.2000122070312,38236,0.0,0.0
IGARASHI.NS,2024-10-10 00:00:00+05:30,638.7999877929688,650.0,635.1500244140625,638.8499755859375,22832,0.0,0.0
IGARASHI.NS,2024-10-11 00:00:00+05:30,640.4500122070312,648.2000122070312,634.25,638.3499755859375,30376,0.0,0.0
IGARASHI.NS,2024-10-14 00:00:00+05:30,642.0,647.0,624.0,636.1500244140625,33552,0.0,0.0
IGARASHI.NS,2024-10-15 00:00:00+05:30,639.5,714.5,639.5,697.7000122070312,803780,0.0,0.0
IGARASHI.NS,2024-10-16 00:00:00+05:30,710.0,726.2999877929688,707.0,715.5999755859375,385219,0.0,0.0
IGARASHI.NS,2024-10-17 00:00:00+05:30,708.4500122070312,719.0,690.0,714.7000122070312,117095,0.0,0.0
IGARASHI.NS,2024-10-18 00:00:00+05:30,709.0,719.7999877929688,692.0,706.8499755859375,79406,0.0,0.0
IGARASHI.NS,2024-10-21 00:00:00+05:30,714.9000244140625,721.0,695.0499877929688,699.2999877929688,72066,0.0,0.0
IGARASHI.NS,2024-10-22 00:00:00+05:30,696.0499877929688,698.8499755859375,660.0499877929688,665.4000244140625,77562,0.0,0.0
IGARASHI.NS,2024-10-23 00:00:00+05:30,670.0,725.0,660.0499877929688,713.0,164902,0.0,0.0
IGARASHI.NS,2024-10-24 00:00:00+05:30,718.0,720.4500122070312,699.9500122070312,702.5999755859375,81198,0.0,0.0
IGARASHI.NS,2024-10-25 00:00:00+05:30,704.5999755859375,704.5999755859375,653.9500122070312,668.9000244140625,70832,0.0,0.0
IGARASHI.NS,2024-10-28 00:00:00+05:30,668.9500122070312,717.4500122070312,660.9500122070312,703.5999755859375,105413,0.0,0.0
IGARASHI.NS,2024-10-29 00:00:00+05:30,712.7999877929688,737.2000122070312,664.0,692.7000122070312,256502,0.0,0.0
IGARASHI.NS,2024-10-30 00:00:00+05:30,693.0,729.7999877929688,691.2999877929688,716.0999755859375,205803,0.0,0.0
IGARASHI.NS,2024-10-31 00:00:00+05:30,726.7999877929688,765.0,716.1500244140625,725.7000122070312,473341,0.0,0.0
IGARASHI.NS,2024-11-01 00:00:00+05:30,733.7000122070312,744.25,730.8499755859375,739.0499877929688,33527,0.0,0.0
IGARASHI.NS,2024-11-04 00:00:00+05:30,739.0,745.0,702.2999877929688,714.75,83182,0.0,0.0
IGARASHI.NS,2024-11-05 00:00:00+05:30,714.0,745.0,706.6500244140625,734.0499877929688,92512,0.0,0.0
IGARASHI.NS,2024-11-06 00:00:00+05:30,735.9000244140625,789.0,735.9000244140625,781.2999877929688,413289,0.0,0.0
IGARASHI.NS,2024-11-07 00:00:00+05:30,787.9000244140625,817.0,771.0,786.75,418337,0.0,0.0
IGARASHI.NS,2024-11-08 00:00:00+05:30,779.25,808.4500122070312,750.0,753.75,166134,0.0,0.0
IGARASHI.NS,2024-11-11 00:00:00+05:30,753.75,756.7000122070312,722.0999755859375,728.6500244140625,101735,0.0,0.0
IGARASHI.NS,2024-11-12 00:00:00+05:30,728.6500244140625,758.0,715.5499877929688,724.0499877929688,112299,0.0,0.0
IGARASHI.NS,2024-11-13 00:00:00+05:30,724.0499877929688,726.7999877929688,680.0999755859375,682.7999877929688,81369,0.0,0.0
IGARASHI.NS,2024-11-14 00:00:00+05:30,682.0,732.2999877929688,673.9500122070312,715.3499755859375,205746,0.0,0.0
IGARASHI.NS,2024-11-18 00:00:00+05:30,698.0,755.9500122070312,692.0,743.0499877929688,150943,0.0,0.0
IGARASHI.NS,2024-11-19 00:00:00+05:30,764.0,773.7000122070312,740.0999755859375,746.5499877929688,116020,0.0,0.0
IGARASHI.NS,2024-11-21 00:00:00+05:30,740.0,748.0,728.8499755859375,736.5999755859375,40299,0.0,0.0
IGARASHI.NS,2024-11-22 00:00:00+05:30,742.2999877929688,749.0,726.5499877929688,730.3499755859375,33430,0.0,0.0
IGARASHI.NS,2024-11-25 00:00:00+05:30,740.0,751.0,722.4000244140625,727.2999877929688,34998,0.0,0.0
IGARASHI.NS,2024-11-26 00:00:00+05:30,733.25,771.0,720.75,766.0999755859375,103180,0.0,0.0
IGARASHI.NS,2024-11-27 00:00:00+05:30,781.5,793.9500122070312,753.0999755859375,766.8499755859375,153774,0.0,0.0
IGARASHI.NS,2024-11-28 00:00:00+05:30,775.0,807.4500122070312,767.4000244140625,780.75,141514,0.0,0.0
IGARASHI.NS,2024-11-29 00:00:00+05:30,786.9000244140625,797.7999877929688,765.0999755859375,768.9500122070312,31731,0.0,0.0
IGARASHI.NS,2024-12-02 00:00:00+05:30,769.0,829.0,750.0,823.1500244140625,360313,0.0,0.0
IGARASHI.NS,2024-12-03 00:00:00+05:30,835.0,848.9500122070312,819.3499755859375,824.9000244140625,273005,0.0,0.0
IGARASHI.NS,2024-12-04 00:00:00+05:30,830.0,838.0,809.1500244140625,829.3499755859375,102555,0.0,0.0
IGARASHI.NS,2024-12-05 00:00:00+05:30,829.3499755859375,837.0,813.0,815.25,55965,0.0,0.0
IGARASHI.NS,2024-12-06 00:00:00+05:30,814.0499877929688,826.4000244140625,797.7999877929688,812.2999877929688,99692,0.0,0.0
IGARASHI.NS,2024-12-09 00:00:00+05:30,812.2999877929688,835.0,789.0999755859375,796.4000244140625,105248,0.0,0.0
IGARASHI.NS,2024-12-10 00:00:00+05:30,796.9000244140625,801.9500122070312,770.1500244140625,778.7999877929688,89519,0.0,0.0
IGARASHI.NS,2024-12-11 00:00:00+05:30,785.0,793.4000244140625,779.2000122070312,784.2000122070312,51914,0.0,0.0
IGARASHI.NS,2024-12-12 00:00:00+05:30,786.9000244140625,798.7000122070312,744.2000122070312,748.3499755859375,75388,0.0,0.0
IGARASHI.NS,2024-12-13 00:00:00+05:30,743.0,768.5,737.0499877929688,763.2999877929688,88795,0.0,0.0
IGARASHI.NS,2024-12-16 00:00:00+05:30,763.2999877929688,776.7000122070312,742.5999755859375,745.9500122070312,48576,0.0,0.0
IGARASHI.NS,2024-12-17 00:00:00+05:30,748.0,789.0499877929688,748.0,785.5,111007,0.0,0.0
IGARASHI.NS,2024-12-18 00:00:00+05:30,793.4000244140625,797.7000122070312,767.0,773.9500122070312,73106,0.0,0.0
IGARASHI.NS,2024-12-19 00:00:00+05:30,753.9500122070312,771.5499877929688,743.0499877929688,754.5999755859375,66746,0.0,0.0
IGARASHI.NS,2024-12-20 00:00:00+05:30,760.0,762.9000244140625,705.0999755859375,707.2999877929688,92258,0.0,0.0
IGARASHI.NS,2024-12-23 00:00:00+05:30,713.9000244140625,719.9500122070312,691.4000244140625,695.6500244140625,40142,0.0,0.0
IGARASHI.NS,2024-12-24 00:00:00+05:30,701.0,735.0,695.7000122070312,711.8499755859375,42063,0.0,0.0
IGARASHI.NS,2024-12-26 00:00:00+05:30,714.3499755859375,719.6500244140625,700.0499877929688,713.0,40768,0.0,0.0
IGARASHI.NS,2024-12-27 00:00:00+05:30,718.4500122070312,718.4500122070312,699.75,704.7000122070312,38795,0.0,0.0
IGARASHI.NS,2024-12-30 00:00:00+05:30,704.0,717.9500122070312,700.0,708.0,23010,0.0,0.0
IGARASHI.NS,2024-12-31 00:00:00+05:30,707.0,719.75,702.1500244140625,715.3499755859375,23176,0.0,0.0
IGARASHI.NS,2025-01-01 00:00:00+05:30,715.3499755859375,765.0,707.1500244140625,753.9000244140625,59585,0.0,0.0
IGARASHI.NS,2025-01-02 00:00:00+05:30,758.0,759.7999877929688,737.7000122070312,745.2999877929688,31449,0.0,0.0
IGARASHI.NS,2025-01-03 00:00:00+05:30,748.0,751.8499755859375,726.1500244140625,727.25,21815,0.0,0.0
IGARASHI.NS,2025-01-06 00:00:00+05:30,727.25,732.0,676.0,681.8499755859375,60242,0.0,0.0
IGARASHI.NS,2025-01-07 00:00:00+05:30,687.5,715.0,683.5999755859375,711.5499877929688,26688,0.0,0.0
IGARASHI.NS,2025-01-08 00:00:00+05:30,706.0,712.5,690.0,705.7999877929688,26879,0.0,0.0
IGARASHI.NS,2025-01-09 00:00:00+05:30,695.7999877929688,716.75,691.0499877929688,695.0999755859375,29826,0.0,0.0
IGARASHI.NS,2025-01-10 00:00:00+05:30,692.0,699.0,657.6500244140625,674.7999877929688,52898,0.0,0.0
IGARASHI.NS,2025-01-13 00:00:00+05:30,663.0,684.0,625.0,633.75,51192,0.0,0.0
IGARASHI.NS,2025-01-14 00:00:00+05:30,634.0,671.8499755859375,633.9500122070312,667.3499755859375,50308,0.0,0.0
IGARASHI.NS,2025-01-15 00:00:00+05:30,663.0999755859375,676.5499877929688,654.8499755859375,659.9000244140625,18998,0.0,0.0
IGARASHI.NS,2025-01-16 00:00:00+05:30,666.1500244140625,683.9000244140625,665.7999877929688,677.7999877929688,22893,0.0,0.0
IGARASHI.NS,2025-01-17 00:00:00+05:30,675.0,681.2999877929688,657.8499755859375,667.4500122070312,16264,0.0,0.0
IGARASHI.NS,2025-01-20 00:00:00+05:30,674.0,681.3499755859375,663.0499877929688,677.1500244140625,21007,0.0,0.0
IGARASHI.NS,2025-01-21 00:00:00+05:30,673.5,682.3499755859375,650.4500122070312,661.5999755859375,30213,0.0,0.0
IGARASHI.NS,2025-01-22 00:00:00+05:30,656.7000122070312,657.6500244140625,629.9000244140625,638.3499755859375,33638,0.0,0.0
IGARASHI.NS,2025-01-23 00:00:00+05:30,631.0999755859375,658.0,631.0999755859375,640.2000122070312,19198,0.0,0.0
IGARASHI.NS,2025-01-24 00:00:00+05:30,645.0,646.9500122070312,618.4500122070312,626.9000244140625,28177,0.0,0.0
IGARASHI.NS,2025-01-27 00:00:00+05:30,622.2999877929688,622.2999877929688,585.0,608.5999755859375,87551,0.0,0.0
IGARASHI.NS,2025-01-28 00:00:00+05:30,608.5999755859375,633.3499755859375,580.0,609.2999877929688,51762,0.0,0.0
IGARASHI.NS,2025-01-29 00:00:00+05:30,612.0,630.5499877929688,609.1500244140625,627.4000244140625,43170,0.0,0.0
IGARASHI.NS,2025-01-30 00:00:00+05:30,629.5,644.0,615.0,638.7000122070312,26286,0.0,0.0
IGARASHI.NS,2025-01-31 00:00:00+05:30,641.2000122070312,665.0,630.8499755859375,656.5499877929688,21771,0.0,0.0
IGARASHI.NS,2025-02-01 00:00:00+05:30,657.75,677.0,654.5499877929688,667.7000122070312,26985,0.0,0.0
IGARASHI.NS,2025-02-03 00:00:00+05:30,640.0,670.0999755859375,640.0,666.3499755859375,25831,0.0,0.0
IGARASHI.NS,2025-02-04 00:00:00+05:30,675.0,688.4500122070312,662.0499877929688,680.0999755859375,21720,0.0,0.0
IGARASHI.NS,2025-02-05 00:00:00+05:30,682.0,689.75,667.0,670.0499877929688,12580,0.0,0.0
IGARASHI.NS,2025-02-06 00:00:00+05:30,673.4500122070312,687.6500244140625,666.1500244140625,679.5499877929688,14510,0.0,0.0
IGARASHI.NS,2025-02-07 00:00:00+05:30,680.0,680.0,663.0999755859375,670.4500122070312,12565,0.0,0.0
IGARASHI.NS,2025-02-10 00:00:00+05:30,670.4500122070312,675.2999877929688,662.0499877929688,669.6500244140625,25690,0.0,0.0
IGARASHI.NS,2025-02-11 00:00:00+05:30,664.2999877929688,685.0499877929688,606.2999877929688,617.7000122070312,155384,0.0,0.0
IGARASHI.NS,2025-02-12 00:00:00+05:30,622.0,630.25,580.0,609.8499755859375,34848,0.0,0.0
IGARASHI.NS,2025-02-13 00:00:00+05:30,600.7000122070312,622.9500122070312,600.5,613.75,23878,0.0,0.0
IGARASHI.NS,2025-02-14 00:00:00+05:30,606.0499877929688,614.9000244140625,513.0,532.5499877929688,153777,0.0,0.0
IGARASHI.NS,2025-02-17 00:00:00+05:30,512.0,570.2999877929688,491.0,557.25,135968,0.0,0.0
IGARASHI.NS,2025-02-18 00:00:00+05:30,557.25,568.5,540.5499877929688,550.3499755859375,62427,0.0,0.0
IGARASHI.NS,2025-02-19 00:00:00+05:30,541.3499755859375,573.0,541.3499755859375,569.9500122070312,42611,0.0,0.0
IGARASHI.NS,2025-02-20 00:00:00+05:30,573.9000244140625,598.0,562.1500244140625,586.6500244140625,42650,0.0,0.0
IGARASHI.NS,2025-02-21 00:00:00+05:30,586.6500244140625,612.9500122070312,581.0,606.4500122070312,53020,0.0,0.0
IGARASHI.NS,2025-02-24 00:00:00+05:30,591.9500122070312,597.7000122070312,575.75,580.8499755859375,20798,0.0,0.0
IGARASHI.NS,2025-02-25 00:00:00+05:30,576.0999755859375,585.3499755859375,567.0,573.2000122070312,10317,0.0,0.0
IGARASHI.NS,2025-02-27 00:00:00+05:30,572.5999755859375,572.6500244140625,539.5,543.6500244140625,25953,0.0,0.0
IGARASHI.NS,2025-02-28 00:00:00+05:30,547.4000244140625,551.7999877929688,520.0,524.4000244140625,30398,0.0,0.0
IGARASHI.NS,2025-03-03 00:00:00+05:30,529.0,545.0,488.0,517.7999877929688,61286,0.0,0.0
IGARASHI.NS,2025-03-04 00:00:00+05:30,515.0499877929688,533.7000122070312,499.70001220703125,520.2999877929688,26510,0.0,0.0
IGARASHI.NS,2025-03-05 00:00:00+05:30,522.9500122070312,542.7000122070312,518.9500122070312,532.2999877929688,30285,0.0,0.0
IGARASHI.NS,2025-03-06 00:00:00+05:30,539.2999877929688,551.7000122070312,534.1500244140625,541.75,32069,0.0,0.0
IGARASHI.NS,2025-03-07 00:00:00+05:30,535.0,559.6500244140625,535.0,546.9000244140625,13923,0.0,0.0
IGARASHI.NS,2025-03-10 00:00:00+05:30,554.5,564.0,516.9500122070312,520.5999755859375,54925,0.0,0.0
IGARASHI.NS,2025-03-11 00:00:00+05:30,521.5,521.7999877929688,505.0,510.1000061035156,34944,0.0,0.0
IGARASHI.NS,2025-03-12 00:00:00+05:30,514.7000122070312,524.9500122070312,505.1000061035156,509.1000061035156,48636,0.0,0.0
IGARASHI.NS,2025-03-13 00:00:00+05:30,514.8499755859375,519.0,501.0,503.6499938964844,18059,0.0,0.0
IGARASHI.NS,2025-03-17 00:00:00+05:30,498.8999938964844,509.0,486.0,495.6000061035156,40803,0.0,0.0
IGARASHI.NS,2025-03-18 00:00:00+05:30,495.6000061035156,495.6000061035156,495.6000061035156,495.6000061035156,0,0.0,0.0
IGARASHI.NS,2025-03-19 00:00:00+05:30,506.45001220703125,530.0,506.45001220703125,520.6500244140625,44089,0.0,0.0
IGARASHI.NS,2025-03-20 00:00:00+05:30,527.4500122070312,533.3499755859375,517.0999755859375,519.2999877929688,31673,0.0,0.0
IGARASHI.NS,2025-03-21 00:00:00+05:30,523.9500122070312,534.7999877929688,518.2000122070312,523.2999877929688,42299,0.0,0.0
IGARASHI.NS,2025-03-24 00:00:00+05:30,528.1500244140625,537.9500122070312,521.4500122070312,528.1500244140625,50844,0.0,0.0
IGARASHI.NS,2025-03-25 00:00:00+05:30,530.9000244140625,533.2000122070312,506.0,511.8500061035156,58738,0.0,0.0
IGARASHI.NS,2025-03-26 00:00:00+05:30,510.8999938964844,514.75,491.1000061035156,494.95001220703125,57390,0.0,0.0
IGARASHI.NS,2025-03-27 00:00:00+05:30,495.0,527.9000244140625,494.3999938964844,501.8500061035156,156254,0.0,0.0
IGARASHI.NS,2025-03-28 00:00:00+05:30,501.8500061035156,521.0,492.95001220703125,494.75,40438,0.0,0.0
IGARASHI.NS,2025-04-01 00:00:00+05:30,494.75,508.6499938964844,483.3500061035156,488.79998779296875,68484,0.0,0.0
IGARASHI.NS,2025-04-02 00:00:00+05:30,493.95001220703125,496.45001220703125,478.3500061035156,491.3999938964844,51196,0.0,0.0
IGARASHI.NS,2025-04-03 00:00:00+05:30,492.0,502.04998779296875,485.75,489.1000061035156,63631,0.0,0.0
IGARASHI.NS,2025-04-04 00:00:00+05:30,493.8500061035156,493.8500061035156,429.04998779296875,438.0,178781,0.0,0.0
IGARASHI.NS,2025-04-07 00:00:00+05:30,408.0,427.6000061035156,401.04998779296875,420.70001220703125,104546,0.0,0.0
IGARASHI.NS,2025-04-08 00:00:00+05:30,425.0,444.70001220703125,416.95001220703125,439.1499938964844,72886,0.0,0.0
IGARASHI.NS,2025-04-09 00:00:00+05:30,434.79998779296875,436.1499938964844,420.0,421.0,24898,0.0,0.0
IGARASHI.NS,2025-04-11 00:00:00+05:30,430.0,458.79998779296875,430.0,447.45001220703125,60957,0.0,0.0
IGARASHI.NS,2025-04-15 00:00:00+05:30,455.70001220703125,475.0,452.25,472.54998779296875,54202,0.0,0.0
IGARASHI.NS,2025-04-16 00:00:00+05:30,472.8999938964844,488.0,466.29998779296875,476.25,46616,0.0,0.0
IGARASHI.NS,2025-04-17 00:00:00+05:30,472.0,477.0,466.04998779296875,472.45001220703125,22523,0.0,0.0
IGARASHI.NS,2025-04-21 00:00:00+05:30,474.79998779296875,484.5,468.3500061035156,477.20001220703125,29740,0.0,0.0
IGARASHI.NS,2025-04-22 00:00:00+05:30,477.95001220703125,490.0,471.04998779296875,482.29998779296875,29369,0.0,0.0
IGARASHI.NS,2025-04-23 00:00:00+05:30,487.8999938964844,497.0,475.54998779296875,494.0,53260,0.0,0.0
IGARASHI.NS,2025-04-24 00:00:00+05:30,494.0,506.25,492.54998779296875,497.54998779296875,42389,0.0,0.0
IGARASHI.NS,2025-04-25 00:00:00+05:30,500.0,500.6499938964844,460.3500061035156,464.75,82899,0.0,0.0
IGARASHI.NS,2025-04-28 00:00:00+05:30,469.8500061035156,475.20001220703125,456.0,469.54998779296875,26520,0.0,0.0
IGARASHI.NS,2025-04-29 00:00:00+05:30,475.3999938964844,478.6499938964844,461.79998779296875,463.6499938964844,27262,0.0,0.0
IGARASHI.NS,2025-04-30 00:00:00+05:30,467.0,467.0,439.25,446.1000061035156,48943,0.0,0.0
IGARASHI.NS,2025-05-02 00:00:00+05:30,446.1000061035156,466.0,442.1000061035156,462.54998779296875,33774,0.0,0.0
IGARASHI.NS,2025-05-05 00:00:00+05:30,459.1000061035156,467.1499938964844,451.0,462.54998779296875,20020,0.0,0.0
IGARASHI.NS,2025-05-06 00:00:00+05:30,463.6000061035156,469.45001220703125,445.29998779296875,450.1000061035156,22151,0.0,0.0
IGARASHI.NS,2025-05-07 00:00:00+05:30,434.3500061035156,455.79998779296875,434.3500061035156,454.1499938964844,24197,0.0,0.0
IGARASHI.NS,2025-05-08 00:00:00+05:30,454.1499938964844,467.70001220703125,442.25,447.54998779296875,22213,0.0,0.0
IGARASHI.NS,2025-05-09 00:00:00+05:30,434.29998779296875,443.79998779296875,427.54998779296875,440.75,23574,0.0,0.0
IGARASHI.NS,2025-05-12 00:00:00+05:30,445.6000061035156,475.75,445.6000061035156,469.95001220703125,32063,0.0,0.0
IGARASHI.NS,2025-05-13 00:00:00+05:30,470.0,487.95001220703125,470.0,481.04998779296875,34731,0.0,0.0
IGARASHI.NS,2025-05-14 00:00:00+05:30,483.29998779296875,498.6000061035156,482.0,492.54998779296875,21617,0.0,0.0
IGARASHI.NS,2025-05-15 00:00:00+05:30,491.8500061035156,499.95001220703125,488.5,495.8500061035156,29415,0.0,0.0
IGARASHI.NS,2025-05-16 00:00:00+05:30,497.0,522.7000122070312,497.0,511.3500061035156,72287,0.0,0.0
IGARASHI.NS,2025-05-19 00:00:00+05:30,512.5499877929688,530.9000244140625,505.0,510.45001220703125,43412,0.0,0.0
IGARASHI.NS,2025-05-20 00:00:00+05:30,514.5499877929688,515.0499877929688,495.0,502.1000061035156,35270,0.0,0.0
IGARASHI.NS,2025-05-21 00:00:00+05:30,497.0,510.95001220703125,495.54998779296875,505.5,23483,0.0,0.0
IGARASHI.NS,2025-05-22 00:00:00+05:30,505.04998779296875,514.9000244140625,475.04998779296875,478.3999938964844,147812,0.0,0.0
IGARASHI.NS,2025-05-23 00:00:00+05:30,477.54998779296875,489.70001220703125,473.0,479.75,43812,0.0,0.0
IGARASHI.NS,2025-05-26 00:00:00+05:30,484.1000061035156,484.8999938964844,472.04998779296875,475.25,26628,0.0,0.0
IGARASHI.NS,2025-05-27 00:00:00+05:30,475.25,484.0,466.6000061035156,479.54998779296875,36272,0.0,0.0
IGARASHI.NS,2025-05-28 00:00:00+05:30,484.3500061035156,484.6499938964844,474.0,475.79998779296875,31320,0.0,0.0
IGARASHI.NS,2025-05-29 00:00:00+05:30,476.20001220703125,485.79998779296875,469.1000061035156,482.6499938964844,50802,0.0,0.0
IGARASHI.NS,2025-05-30 00:00:00+05:30,487.0,489.20001220703125,474.04998779296875,482.54998779296875,47296,0.0,0.0
IGARASHI.NS,2025-06-02 00:00:00+05:30,480.0,496.20001220703125,475.1000061035156,485.70001220703125,35842,0.0,0.0
IGARASHI.NS,2025-06-03 00:00:00+05:30,486.0,495.0,484.0,490.1000061035156,30448,0.0,0.0
IGARASHI.NS,2025-06-04 00:00:00+05:30,490.1000061035156,495.95001220703125,482.5,491.95001220703125,24673,0.0,0.0
IGARASHI.NS,2025-06-05 00:00:00+05:30,495.79998779296875,501.0,486.1000061035156,489.79998779296875,19134,0.0,0.0
IGARASHI.NS,2025-06-06 00:00:00+05:30,490.6000061035156,499.79998779296875,489.0,497.45001220703125,20189,0.0,0.0
IGARASHI.NS,2025-06-09 00:00:00+05:30,500.1000061035156,506.95001220703125,480.54998779296875,488.20001220703125,74399,0.0,0.0
IGARASHI.NS,2025-06-10 00:00:00+05:30,489.0,498.79998779296875,487.0,489.8999938964844,32517,0.0,0.0
IGARASHI.NS,2025-06-11 00:00:00+05:30,490.20001220703125,515.75,490.20001220703125,501.79998779296875,91815,0.0,0.0
IGARASHI.NS,2025-06-12 00:00:00+05:30,507.75,507.75,481.20001220703125,488.3999938964844,41732,0.0,0.0
IGARASHI.NS,2025-06-13 00:00:00+05:30,478.3999938964844,512.0499877929688,476.0,495.1499938964844,69370,0.0,0.0
IGARASHI.NS,2025-06-16 00:00:00+05:30,493.45001220703125,496.6499938964844,480.1000061035156,484.70001220703125,26804,0.0,0.0
IGARASHI.NS,2025-06-17 00:00:00+05:30,483.20001220703125,489.25,477.04998779296875,478.75,27484,0.0,0.0
IGARASHI.NS,2025-06-18 00:00:00+05:30,475.0,481.8500061035156,474.20001220703125,476.54998779296875,20878,0.0,0.0
IGARASHI.NS,2025-06-19 00:00:00+05:30,476.04998779296875,480.04998779296875,460.29998779296875,464.5,30876,0.0,0.0
IGARASHI.NS,2025-06-20 00:00:00+05:30,461.1499938964844,468.95001220703125,456.54998779296875,462.54998779296875,29597,0.0,0.0
