symbol,statement_type,period_end,line_item,value
PODDARMENT.NS,income,2025-03-31 00:00:00,Tax Effect Of Unusual Items,0.0
PODDARMENT.NS,income,2025-03-31 00:00:00,Tax Rate For Calcs,0.248156
PODDARMENT.NS,income,2025-03-31 00:00:00,Normalized EBITDA,388690000.0
PODDARMENT.NS,income,2025-03-31 00:00:00,Total Unusual Items,
PODDARMENT.NS,income,2025-03-31 00:00:00,Total Unusual Items Excluding Goodwill,
PODDARMENT.NS,income,2025-03-31 00:00:00,Net Income From Continuing Operation Net Minority Interest,228180000.0
PODDARMENT.NS,income,2025-03-31 00:00:00,Reconciled Depreciation,79503000.0
PODDARMENT.NS,income,2025-03-31 00:00:00,Reconciled Cost Of Revenue,2534901000.0
PODDARMENT.NS,income,2025-03-31 00:00:00,EBITDA,388690000.0
PODDARMENT.NS,income,2025-03-31 00:00:00,EBIT,309187000.0
PODDARMENT.NS,income,2025-03-31 00:00:00,Net Interest Income,-5693000.0
PODDARMENT.NS,income,2025-03-31 00:00:00,Interest Expense,5693000.0
PODDARMENT.NS,income,2025-03-31 00:00:00,Interest Income,
PODDARMENT.NS,income,2025-03-31 00:00:00,Normalized Income,228180000.0
PODDARMENT.NS,income,2025-03-31 00:00:00,Net Income From Continuing And Discontinued Operation,228180000.0
PODDARMENT.NS,income,2025-03-31 00:00:00,Total Expenses,3445510000.0
PODDARMENT.NS,income,2025-03-31 00:00:00,Rent Expense Supplemental,
PODDARMENT.NS,income,2025-03-31 00:00:00,Diluted Average Shares,
PODDARMENT.NS,income,2025-03-31 00:00:00,Basic Average Shares,
PODDARMENT.NS,income,2025-03-31 00:00:00,Diluted EPS,
PODDARMENT.NS,income,2025-03-31 00:00:00,Basic EPS,
PODDARMENT.NS,income,2025-03-31 00:00:00,Diluted NI Availto Com Stockholders,228180000.0
PODDARMENT.NS,income,2025-03-31 00:00:00,Net Income Common Stockholders,228180000.0
PODDARMENT.NS,income,2025-03-31 00:00:00,Otherunder Preferred Stock Dividend,0.0
PODDARMENT.NS,income,2025-03-31 00:00:00,Net Income,228180000.0
PODDARMENT.NS,income,2025-03-31 00:00:00,Net Income Including Noncontrolling Interests,228180000.0
PODDARMENT.NS,income,2025-03-31 00:00:00,Net Income Continuous Operations,228180000.0
PODDARMENT.NS,income,2025-03-31 00:00:00,Tax Provision,75314000.0
PODDARMENT.NS,income,2025-03-31 00:00:00,Pretax Income,303494000.0
PODDARMENT.NS,income,2025-03-31 00:00:00,Other Non Operating Income Expenses,69703000.0
PODDARMENT.NS,income,2025-03-31 00:00:00,Special Income Charges,
PODDARMENT.NS,income,2025-03-31 00:00:00,Other Special Charges,
PODDARMENT.NS,income,2025-03-31 00:00:00,Net Non Operating Interest Income Expense,-5693000.0
PODDARMENT.NS,income,2025-03-31 00:00:00,Total Other Finance Cost,
PODDARMENT.NS,income,2025-03-31 00:00:00,Interest Expense Non Operating,5693000.0
PODDARMENT.NS,income,2025-03-31 00:00:00,Interest Income Non Operating,
PODDARMENT.NS,income,2025-03-31 00:00:00,Operating Income,239484000.0
PODDARMENT.NS,income,2025-03-31 00:00:00,Operating Expense,910609000.0
PODDARMENT.NS,income,2025-03-31 00:00:00,Other Operating Expenses,470237000.0
PODDARMENT.NS,income,2025-03-31 00:00:00,Depreciation And Amortization In Income Statement,79503000.0
PODDARMENT.NS,income,2025-03-31 00:00:00,Depreciation Income Statement,79503000.0
PODDARMENT.NS,income,2025-03-31 00:00:00,Research And Development,
PODDARMENT.NS,income,2025-03-31 00:00:00,Selling General And Administration,
PODDARMENT.NS,income,2025-03-31 00:00:00,Selling And Marketing Expense,
PODDARMENT.NS,income,2025-03-31 00:00:00,General And Administrative Expense,
PODDARMENT.NS,income,2025-03-31 00:00:00,Rent And Landing Fees,
PODDARMENT.NS,income,2025-03-31 00:00:00,Gross Profit,1150093000.0
PODDARMENT.NS,income,2025-03-31 00:00:00,Cost Of Revenue,2534901000.0
PODDARMENT.NS,income,2025-03-31 00:00:00,Total Revenue,3684994000.0
PODDARMENT.NS,income,2025-03-31 00:00:00,Operating Revenue,3684994000.0
PODDARMENT.NS,income,2024-03-31 00:00:00,Tax Effect Of Unusual Items,0.0
PODDARMENT.NS,income,2024-03-31 00:00:00,Tax Rate For Calcs,0.258404
PODDARMENT.NS,income,2024-03-31 00:00:00,Normalized EBITDA,458297000.0
PODDARMENT.NS,income,2024-03-31 00:00:00,Total Unusual Items,9218000.0
PODDARMENT.NS,income,2024-03-31 00:00:00,Total Unusual Items Excluding Goodwill,9218000.0
PODDARMENT.NS,income,2024-03-31 00:00:00,Net Income From Continuing Operation Net Minority Interest,288190000.0
PODDARMENT.NS,income,2024-03-31 00:00:00,Reconciled Depreciation,67216000.0
PODDARMENT.NS,income,2024-03-31 00:00:00,Reconciled Cost Of Revenue,2543996000.0
PODDARMENT.NS,income,2024-03-31 00:00:00,EBITDA,458297000.0
PODDARMENT.NS,income,2024-03-31 00:00:00,EBIT,391081000.0
PODDARMENT.NS,income,2024-03-31 00:00:00,Net Interest Income,-2473000.0
PODDARMENT.NS,income,2024-03-31 00:00:00,Interest Expense,2473000.0
PODDARMENT.NS,income,2024-03-31 00:00:00,Interest Income,21772000.0
PODDARMENT.NS,income,2024-03-31 00:00:00,Normalized Income,288190000.0
PODDARMENT.NS,income,2024-03-31 00:00:00,Net Income From Continuing And Discontinued Operation,288190000.0
PODDARMENT.NS,income,2024-03-31 00:00:00,Total Expenses,3364080000.0
PODDARMENT.NS,income,2024-03-31 00:00:00,Rent Expense Supplemental,2707000.0
PODDARMENT.NS,income,2024-03-31 00:00:00,Diluted Average Shares,10610825.0
PODDARMENT.NS,income,2024-03-31 00:00:00,Basic Average Shares,10610825.0
PODDARMENT.NS,income,2024-03-31 00:00:00,Diluted EPS,27.16
PODDARMENT.NS,income,2024-03-31 00:00:00,Basic EPS,27.16
PODDARMENT.NS,income,2024-03-31 00:00:00,Diluted NI Availto Com Stockholders,288190000.0
PODDARMENT.NS,income,2024-03-31 00:00:00,Net Income Common Stockholders,288190000.0
PODDARMENT.NS,income,2024-03-31 00:00:00,Otherunder Preferred Stock Dividend,0.0
PODDARMENT.NS,income,2024-03-31 00:00:00,Net Income,288190000.0
PODDARMENT.NS,income,2024-03-31 00:00:00,Net Income Including Noncontrolling Interests,288190000.0
PODDARMENT.NS,income,2024-03-31 00:00:00,Net Income Continuous Operations,288190000.0
PODDARMENT.NS,income,2024-03-31 00:00:00,Tax Provision,100418000.0
PODDARMENT.NS,income,2024-03-31 00:00:00,Pretax Income,388608000.0
PODDARMENT.NS,income,2024-03-31 00:00:00,Other Non Operating Income Expenses,65095000.0
PODDARMENT.NS,income,2024-03-31 00:00:00,Special Income Charges,1163000.0
PODDARMENT.NS,income,2024-03-31 00:00:00,Other Special Charges,-1163000.0
PODDARMENT.NS,income,2024-03-31 00:00:00,Net Non Operating Interest Income Expense,-2473000.0
PODDARMENT.NS,income,2024-03-31 00:00:00,Total Other Finance Cost,3453000.0
PODDARMENT.NS,income,2024-03-31 00:00:00,Interest Expense Non Operating,2473000.0
PODDARMENT.NS,income,2024-03-31 00:00:00,Interest Income Non Operating,21772000.0
PODDARMENT.NS,income,2024-03-31 00:00:00,Operating Income,325986000.0
PODDARMENT.NS,income,2024-03-31 00:00:00,Operating Expense,820084000.0
PODDARMENT.NS,income,2024-03-31 00:00:00,Other Operating Expenses,421826000.0
PODDARMENT.NS,income,2024-03-31 00:00:00,Depreciation And Amortization In Income Statement,67216000.0
PODDARMENT.NS,income,2024-03-31 00:00:00,Depreciation Income Statement,67216000.0
PODDARMENT.NS,income,2024-03-31 00:00:00,Research And Development,68363000.0
PODDARMENT.NS,income,2024-03-31 00:00:00,Selling General And Administration,207801000.0
PODDARMENT.NS,income,2024-03-31 00:00:00,Selling And Marketing Expense,73837000.0
PODDARMENT.NS,income,2024-03-31 00:00:00,General And Administrative Expense,133964000.0
PODDARMENT.NS,income,2024-03-31 00:00:00,Rent And Landing Fees,2707000.0
PODDARMENT.NS,income,2024-03-31 00:00:00,Gross Profit,1146070000.0
PODDARMENT.NS,income,2024-03-31 00:00:00,Cost Of Revenue,2543996000.0
PODDARMENT.NS,income,2024-03-31 00:00:00,Total Revenue,3690066000.0
PODDARMENT.NS,income,2024-03-31 00:00:00,Operating Revenue,3690066000.0
PODDARMENT.NS,income,2023-03-31 00:00:00,Tax Effect Of Unusual Items,1385159.871192
PODDARMENT.NS,income,2023-03-31 00:00:00,Tax Rate For Calcs,0.258908
PODDARMENT.NS,income,2023-03-31 00:00:00,Normalized EBITDA,426812000.0
PODDARMENT.NS,income,2023-03-31 00:00:00,Total Unusual Items,5350000.0
PODDARMENT.NS,income,2023-03-31 00:00:00,Total Unusual Items Excluding Goodwill,5350000.0
PODDARMENT.NS,income,2023-03-31 00:00:00,Net Income From Continuing Operation Net Minority Interest,273405000.0
PODDARMENT.NS,income,2023-03-31 00:00:00,Reconciled Depreciation,61984000.0
PODDARMENT.NS,income,2023-03-31 00:00:00,Reconciled Cost Of Revenue,2464871000.0
PODDARMENT.NS,income,2023-03-31 00:00:00,EBITDA,432162000.0
PODDARMENT.NS,income,2023-03-31 00:00:00,EBIT,370178000.0
PODDARMENT.NS,income,2023-03-31 00:00:00,Net Interest Income,3984000.0
PODDARMENT.NS,income,2023-03-31 00:00:00,Interest Expense,1256000.0
PODDARMENT.NS,income,2023-03-31 00:00:00,Interest Income,8732000.0
PODDARMENT.NS,income,2023-03-31 00:00:00,Normalized Income,269440159.871192
PODDARMENT.NS,income,2023-03-31 00:00:00,Net Income From Continuing And Discontinued Operation,273405000.0
PODDARMENT.NS,income,2023-03-31 00:00:00,Total Expenses,3050938000.0
PODDARMENT.NS,income,2023-03-31 00:00:00,Rent Expense Supplemental,2942000.0
PODDARMENT.NS,income,2023-03-31 00:00:00,Diluted Average Shares,10610000.0
PODDARMENT.NS,income,2023-03-31 00:00:00,Basic Average Shares,10610000.0
PODDARMENT.NS,income,2023-03-31 00:00:00,Diluted EPS,25.77
PODDARMENT.NS,income,2023-03-31 00:00:00,Basic EPS,25.77
PODDARMENT.NS,income,2023-03-31 00:00:00,Diluted NI Availto Com Stockholders,273405000.0
PODDARMENT.NS,income,2023-03-31 00:00:00,Net Income Common Stockholders,273405000.0
PODDARMENT.NS,income,2023-03-31 00:00:00,Otherunder Preferred Stock Dividend,0.0
PODDARMENT.NS,income,2023-03-31 00:00:00,Net Income,273405000.0
PODDARMENT.NS,income,2023-03-31 00:00:00,Net Income Including Noncontrolling Interests,273405000.0
PODDARMENT.NS,income,2023-03-31 00:00:00,Net Income Continuous Operations,273405000.0
PODDARMENT.NS,income,2023-03-31 00:00:00,Tax Provision,95517000.0
PODDARMENT.NS,income,2023-03-31 00:00:00,Pretax Income,368922000.0
PODDARMENT.NS,income,2023-03-31 00:00:00,Other Non Operating Income Expenses,12507000.0
PODDARMENT.NS,income,2023-03-31 00:00:00,Special Income Charges,735000.0
PODDARMENT.NS,income,2023-03-31 00:00:00,Other Special Charges,-735000.0
PODDARMENT.NS,income,2023-03-31 00:00:00,Net Non Operating Interest Income Expense,3984000.0
PODDARMENT.NS,income,2023-03-31 00:00:00,Total Other Finance Cost,3492000.0
PODDARMENT.NS,income,2023-03-31 00:00:00,Interest Expense Non Operating,1256000.0
PODDARMENT.NS,income,2023-03-31 00:00:00,Interest Income Non Operating,8732000.0
PODDARMENT.NS,income,2023-03-31 00:00:00,Operating Income,321254000.0
PODDARMENT.NS,income,2023-03-31 00:00:00,Operating Expense,586067000.0
PODDARMENT.NS,income,2023-03-31 00:00:00,Other Operating Expenses,6919000.0
PODDARMENT.NS,income,2023-03-31 00:00:00,Depreciation And Amortization In Income Statement,61984000.0
PODDARMENT.NS,income,2023-03-31 00:00:00,Depreciation Income Statement,61984000.0
PODDARMENT.NS,income,2023-03-31 00:00:00,Research And Development,62666000.0
PODDARMENT.NS,income,2023-03-31 00:00:00,Selling General And Administration,174576000.0
PODDARMENT.NS,income,2023-03-31 00:00:00,Selling And Marketing Expense,66443000.0
PODDARMENT.NS,income,2023-03-31 00:00:00,General And Administrative Expense,108133000.0
PODDARMENT.NS,income,2023-03-31 00:00:00,Rent And Landing Fees,2942000.0
PODDARMENT.NS,income,2023-03-31 00:00:00,Gross Profit,907321000.0
PODDARMENT.NS,income,2023-03-31 00:00:00,Cost Of Revenue,2464871000.0
PODDARMENT.NS,income,2023-03-31 00:00:00,Total Revenue,3372192000.0
PODDARMENT.NS,income,2023-03-31 00:00:00,Operating Revenue,3372192000.0
PODDARMENT.NS,income,2022-03-31 00:00:00,Tax Effect Of Unusual Items,4277707.347077
PODDARMENT.NS,income,2022-03-31 00:00:00,Tax Rate For Calcs,0.257352
PODDARMENT.NS,income,2022-03-31 00:00:00,Normalized EBITDA,292415000.0
PODDARMENT.NS,income,2022-03-31 00:00:00,Total Unusual Items,16622000.0
PODDARMENT.NS,income,2022-03-31 00:00:00,Total Unusual Items Excluding Goodwill,16622000.0
PODDARMENT.NS,income,2022-03-31 00:00:00,Net Income From Continuing Operation Net Minority Interest,212502000.0
PODDARMENT.NS,income,2022-03-31 00:00:00,Reconciled Depreciation,21311000.0
PODDARMENT.NS,income,2022-03-31 00:00:00,Reconciled Cost Of Revenue,2153225000.0
PODDARMENT.NS,income,2022-03-31 00:00:00,EBITDA,309037000.0
PODDARMENT.NS,income,2022-03-31 00:00:00,EBIT,287726000.0
PODDARMENT.NS,income,2022-03-31 00:00:00,Net Interest Income,-5512000.0
PODDARMENT.NS,income,2022-03-31 00:00:00,Interest Expense,1585000.0
PODDARMENT.NS,income,2022-03-31 00:00:00,Interest Income,475000.0
PODDARMENT.NS,income,2022-03-31 00:00:00,Normalized Income,200157707.347077
PODDARMENT.NS,income,2022-03-31 00:00:00,Net Income From Continuing And Discontinued Operation,212502000.0
PODDARMENT.NS,income,2022-03-31 00:00:00,Total Expenses,2676489000.0
PODDARMENT.NS,income,2022-03-31 00:00:00,Rent Expense Supplemental,3073000.0
PODDARMENT.NS,income,2022-03-31 00:00:00,Diluted Average Shares,10610000.0
PODDARMENT.NS,income,2022-03-31 00:00:00,Basic Average Shares,10610000.0
PODDARMENT.NS,income,2022-03-31 00:00:00,Diluted EPS,20.03
PODDARMENT.NS,income,2022-03-31 00:00:00,Basic EPS,20.03
PODDARMENT.NS,income,2022-03-31 00:00:00,Diluted NI Availto Com Stockholders,212502000.0
PODDARMENT.NS,income,2022-03-31 00:00:00,Net Income Common Stockholders,212502000.0
PODDARMENT.NS,income,2022-03-31 00:00:00,Otherunder Preferred Stock Dividend,0.0
PODDARMENT.NS,income,2022-03-31 00:00:00,Net Income,212502000.0
PODDARMENT.NS,income,2022-03-31 00:00:00,Net Income Including Noncontrolling Interests,212502000.0
PODDARMENT.NS,income,2022-03-31 00:00:00,Net Income Continuous Operations,212502000.0
PODDARMENT.NS,income,2022-03-31 00:00:00,Tax Provision,73639000.0
PODDARMENT.NS,income,2022-03-31 00:00:00,Pretax Income,286141000.0
PODDARMENT.NS,income,2022-03-31 00:00:00,Other Non Operating Income Expenses,3413000.0
PODDARMENT.NS,income,2022-03-31 00:00:00,Special Income Charges,684000.0
PODDARMENT.NS,income,2022-03-31 00:00:00,Other Special Charges,-684000.0
PODDARMENT.NS,income,2022-03-31 00:00:00,Net Non Operating Interest Income Expense,-5512000.0
PODDARMENT.NS,income,2022-03-31 00:00:00,Total Other Finance Cost,4402000.0
PODDARMENT.NS,income,2022-03-31 00:00:00,Interest Expense Non Operating,1585000.0
PODDARMENT.NS,income,2022-03-31 00:00:00,Interest Income Non Operating,475000.0
PODDARMENT.NS,income,2022-03-31 00:00:00,Operating Income,249793000.0
PODDARMENT.NS,income,2022-03-31 00:00:00,Operating Expense,523264000.0
PODDARMENT.NS,income,2022-03-31 00:00:00,Other Operating Expenses,720000.0
PODDARMENT.NS,income,2022-03-31 00:00:00,Depreciation And Amortization In Income Statement,21311000.0
PODDARMENT.NS,income,2022-03-31 00:00:00,Depreciation Income Statement,21311000.0
PODDARMENT.NS,income,2022-03-31 00:00:00,Research And Development,49447000.0
PODDARMENT.NS,income,2022-03-31 00:00:00,Selling General And Administration,148986000.0
PODDARMENT.NS,income,2022-03-31 00:00:00,Selling And Marketing Expense,62675000.0
PODDARMENT.NS,income,2022-03-31 00:00:00,General And Administrative Expense,86311000.0
PODDARMENT.NS,income,2022-03-31 00:00:00,Rent And Landing Fees,3073000.0
PODDARMENT.NS,income,2022-03-31 00:00:00,Gross Profit,773057000.0
PODDARMENT.NS,income,2022-03-31 00:00:00,Cost Of Revenue,2153225000.0
PODDARMENT.NS,income,2022-03-31 00:00:00,Total Revenue,2926282000.0
PODDARMENT.NS,income,2022-03-31 00:00:00,Operating Revenue,2926282000.0
PODDARMENT.NS,income,2021-03-31 00:00:00,Tax Effect Of Unusual Items,
PODDARMENT.NS,income,2021-03-31 00:00:00,Tax Rate For Calcs,
PODDARMENT.NS,income,2021-03-31 00:00:00,Normalized EBITDA,
PODDARMENT.NS,income,2021-03-31 00:00:00,Total Unusual Items,20925000.0
PODDARMENT.NS,income,2021-03-31 00:00:00,Total Unusual Items Excluding Goodwill,20925000.0
PODDARMENT.NS,income,2021-03-31 00:00:00,Net Income From Continuing Operation Net Minority Interest,
PODDARMENT.NS,income,2021-03-31 00:00:00,Reconciled Depreciation,
PODDARMENT.NS,income,2021-03-31 00:00:00,Reconciled Cost Of Revenue,
PODDARMENT.NS,income,2021-03-31 00:00:00,EBITDA,
PODDARMENT.NS,income,2021-03-31 00:00:00,EBIT,
PODDARMENT.NS,income,2021-03-31 00:00:00,Net Interest Income,
PODDARMENT.NS,income,2021-03-31 00:00:00,Interest Expense,
PODDARMENT.NS,income,2021-03-31 00:00:00,Interest Income,462000.0
PODDARMENT.NS,income,2021-03-31 00:00:00,Normalized Income,
PODDARMENT.NS,income,2021-03-31 00:00:00,Net Income From Continuing And Discontinued Operation,
PODDARMENT.NS,income,2021-03-31 00:00:00,Total Expenses,
PODDARMENT.NS,income,2021-03-31 00:00:00,Rent Expense Supplemental,2775000.0
PODDARMENT.NS,income,2021-03-31 00:00:00,Diluted Average Shares,10610000.0
PODDARMENT.NS,income,2021-03-31 00:00:00,Basic Average Shares,10610000.0
PODDARMENT.NS,income,2021-03-31 00:00:00,Diluted EPS,22.3
PODDARMENT.NS,income,2021-03-31 00:00:00,Basic EPS,22.3
PODDARMENT.NS,income,2021-03-31 00:00:00,Diluted NI Availto Com Stockholders,
PODDARMENT.NS,income,2021-03-31 00:00:00,Net Income Common Stockholders,
PODDARMENT.NS,income,2021-03-31 00:00:00,Otherunder Preferred Stock Dividend,
PODDARMENT.NS,income,2021-03-31 00:00:00,Net Income,
PODDARMENT.NS,income,2021-03-31 00:00:00,Net Income Including Noncontrolling Interests,
PODDARMENT.NS,income,2021-03-31 00:00:00,Net Income Continuous Operations,
PODDARMENT.NS,income,2021-03-31 00:00:00,Tax Provision,
PODDARMENT.NS,income,2021-03-31 00:00:00,Pretax Income,
PODDARMENT.NS,income,2021-03-31 00:00:00,Other Non Operating Income Expenses,
PODDARMENT.NS,income,2021-03-31 00:00:00,Special Income Charges,1618000.0
PODDARMENT.NS,income,2021-03-31 00:00:00,Other Special Charges,-1618000.0
PODDARMENT.NS,income,2021-03-31 00:00:00,Net Non Operating Interest Income Expense,
PODDARMENT.NS,income,2021-03-31 00:00:00,Total Other Finance Cost,3883000.0
PODDARMENT.NS,income,2021-03-31 00:00:00,Interest Expense Non Operating,
PODDARMENT.NS,income,2021-03-31 00:00:00,Interest Income Non Operating,462000.0
PODDARMENT.NS,income,2021-03-31 00:00:00,Operating Income,
PODDARMENT.NS,income,2021-03-31 00:00:00,Operating Expense,
PODDARMENT.NS,income,2021-03-31 00:00:00,Other Operating Expenses,
PODDARMENT.NS,income,2021-03-31 00:00:00,Depreciation And Amortization In Income Statement,
PODDARMENT.NS,income,2021-03-31 00:00:00,Depreciation Income Statement,
PODDARMENT.NS,income,2021-03-31 00:00:00,Research And Development,41808000.0
PODDARMENT.NS,income,2021-03-31 00:00:00,Selling General And Administration,125867000.0
PODDARMENT.NS,income,2021-03-31 00:00:00,Selling And Marketing Expense,58220000.0
PODDARMENT.NS,income,2021-03-31 00:00:00,General And Administrative Expense,67647000.0
PODDARMENT.NS,income,2021-03-31 00:00:00,Rent And Landing Fees,2775000.0
PODDARMENT.NS,income,2021-03-31 00:00:00,Gross Profit,
PODDARMENT.NS,income,2021-03-31 00:00:00,Cost Of Revenue,
PODDARMENT.NS,income,2021-03-31 00:00:00,Total Revenue,
PODDARMENT.NS,income,2021-03-31 00:00:00,Operating Revenue,
