symbol,statement_type,period_end,line_item,value
STYLAMIND.NS,cashflow,2025-03-31 00:00:00,Free Cash Flow,-4355000.0
STYLAMIND.NS,cashflow,2025-03-31 00:00:00,Repayment Of Debt,0.0
STYLAMIND.NS,cashflow,2025-03-31 00:00:00,Issuance Of Debt,
STYLAMIND.NS,cashflow,2025-03-31 00:00:00,Capital Expenditure,-1079027000.0
STYLAMIND.NS,cashflow,2025-03-31 00:00:00,End Cash Position,495979000.0
STYLAMIND.NS,cashflow,2025-03-31 00:00:00,Other Cash Adjustment Outside Changein Cash,-60000.0
STYLAMIND.NS,cashflow,2025-03-31 00:00:00,Beginning Cash Position,724759000.0
STYLAMIND.NS,cashflow,2025-03-31 00:00:00,Changes In Cash,-228720000.0
STYLAMIND.NS,cashflow,2025-03-31 00:00:00,Financing Cash Flow,-39165000.0
STYLAMIND.NS,cashflow,2025-03-31 00:00:00,Net Other Financing Charges,
STYLAMIND.NS,cashflow,2025-03-31 00:00:00,Interest Paid Cff,-39165000.0
STYLAMIND.NS,cashflow,2025-03-31 00:00:00,Net Issuance Payments Of Debt,0.0
STYLAMIND.NS,cashflow,2025-03-31 00:00:00,Net Short Term Debt Issuance,
STYLAMIND.NS,cashflow,2025-03-31 00:00:00,Net Long Term Debt Issuance,0.0
STYLAMIND.NS,cashflow,2025-03-31 00:00:00,Long Term Debt Payments,0.0
STYLAMIND.NS,cashflow,2025-03-31 00:00:00,Long Term Debt Issuance,
STYLAMIND.NS,cashflow,2025-03-31 00:00:00,Investing Cash Flow,-1264227000.0
STYLAMIND.NS,cashflow,2025-03-31 00:00:00,Net Other Investing Changes,-239726000.0
STYLAMIND.NS,cashflow,2025-03-31 00:00:00,Interest Received Cfi,46183000.0
STYLAMIND.NS,cashflow,2025-03-31 00:00:00,Dividends Received Cfi,0.0
STYLAMIND.NS,cashflow,2025-03-31 00:00:00,Net Investment Purchase And Sale,0.0
STYLAMIND.NS,cashflow,2025-03-31 00:00:00,Sale Of Investment,0.0
STYLAMIND.NS,cashflow,2025-03-31 00:00:00,Purchase Of Investment,0.0
STYLAMIND.NS,cashflow,2025-03-31 00:00:00,Net Investment Properties Purchase And Sale,3941000.0
STYLAMIND.NS,cashflow,2025-03-31 00:00:00,Sale Of Investment Properties,3941000.0
STYLAMIND.NS,cashflow,2025-03-31 00:00:00,Net Business Purchase And Sale,
STYLAMIND.NS,cashflow,2025-03-31 00:00:00,Purchase Of Business,
STYLAMIND.NS,cashflow,2025-03-31 00:00:00,Net PPE Purchase And Sale,-1074625000.0
STYLAMIND.NS,cashflow,2025-03-31 00:00:00,Sale Of PPE,4402000.0
STYLAMIND.NS,cashflow,2025-03-31 00:00:00,Purchase Of PPE,-1079027000.0
STYLAMIND.NS,cashflow,2025-03-31 00:00:00,Operating Cash Flow,1074672000.0
STYLAMIND.NS,cashflow,2025-03-31 00:00:00,Taxes Refund Paid,-439888000.0
STYLAMIND.NS,cashflow,2025-03-31 00:00:00,Dividend Paid Cfo,
STYLAMIND.NS,cashflow,2025-03-31 00:00:00,Change In Working Capital,-361594000.0
STYLAMIND.NS,cashflow,2025-03-31 00:00:00,Change In Other Current Liabilities,446534000.0
STYLAMIND.NS,cashflow,2025-03-31 00:00:00,Change In Other Current Assets,-49798000.0
STYLAMIND.NS,cashflow,2025-03-31 00:00:00,Change In Payable,86127000.0
STYLAMIND.NS,cashflow,2025-03-31 00:00:00,Change In Inventory,-401422000.0
STYLAMIND.NS,cashflow,2025-03-31 00:00:00,Change In Receivables,-427679000.0
STYLAMIND.NS,cashflow,2025-03-31 00:00:00,Other Non Cash Items,-7019000.0
STYLAMIND.NS,cashflow,2025-03-31 00:00:00,Depreciation And Amortization,238654000.0
STYLAMIND.NS,cashflow,2025-03-31 00:00:00,Amortization Cash Flow,
STYLAMIND.NS,cashflow,2025-03-31 00:00:00,Depreciation,238654000.0
STYLAMIND.NS,cashflow,2025-03-31 00:00:00,Gain Loss On Investment Securities,
STYLAMIND.NS,cashflow,2025-03-31 00:00:00,Net Foreign Currency Exchange Gain Loss,0.0
STYLAMIND.NS,cashflow,2025-03-31 00:00:00,Gain Loss On Sale Of PPE,-3941000.0
STYLAMIND.NS,cashflow,2025-03-31 00:00:00,Net Income From Continuing Operations,1648399000.0
STYLAMIND.NS,cashflow,2024-03-31 00:00:00,Free Cash Flow,897383000.0
STYLAMIND.NS,cashflow,2024-03-31 00:00:00,Repayment Of Debt,-14496000.0
STYLAMIND.NS,cashflow,2024-03-31 00:00:00,Issuance Of Debt,0.0
STYLAMIND.NS,cashflow,2024-03-31 00:00:00,Capital Expenditure,-194468000.0
STYLAMIND.NS,cashflow,2024-03-31 00:00:00,End Cash Position,724759000.0
STYLAMIND.NS,cashflow,2024-03-31 00:00:00,Other Cash Adjustment Outside Changein Cash,1000.0
STYLAMIND.NS,cashflow,2024-03-31 00:00:00,Beginning Cash Position,43965000.0
STYLAMIND.NS,cashflow,2024-03-31 00:00:00,Changes In Cash,680793000.0
STYLAMIND.NS,cashflow,2024-03-31 00:00:00,Financing Cash Flow,-39473000.0
STYLAMIND.NS,cashflow,2024-03-31 00:00:00,Net Other Financing Charges,-1000.0
STYLAMIND.NS,cashflow,2024-03-31 00:00:00,Interest Paid Cff,-24976000.0
STYLAMIND.NS,cashflow,2024-03-31 00:00:00,Net Issuance Payments Of Debt,-14496000.0
STYLAMIND.NS,cashflow,2024-03-31 00:00:00,Net Short Term Debt Issuance,-361521000.0
STYLAMIND.NS,cashflow,2024-03-31 00:00:00,Net Long Term Debt Issuance,-14496000.0
STYLAMIND.NS,cashflow,2024-03-31 00:00:00,Long Term Debt Payments,-14496000.0
STYLAMIND.NS,cashflow,2024-03-31 00:00:00,Long Term Debt Issuance,0.0
STYLAMIND.NS,cashflow,2024-03-31 00:00:00,Investing Cash Flow,-371585000.0
STYLAMIND.NS,cashflow,2024-03-31 00:00:00,Net Other Investing Changes,-236304000.0
STYLAMIND.NS,cashflow,2024-03-31 00:00:00,Interest Received Cfi,37334000.0
STYLAMIND.NS,cashflow,2024-03-31 00:00:00,Dividends Received Cfi,-42370000.0
STYLAMIND.NS,cashflow,2024-03-31 00:00:00,Net Investment Purchase And Sale,11414000.0
STYLAMIND.NS,cashflow,2024-03-31 00:00:00,Sale Of Investment,11414000.0
STYLAMIND.NS,cashflow,2024-03-31 00:00:00,Purchase Of Investment,
STYLAMIND.NS,cashflow,2024-03-31 00:00:00,Net Investment Properties Purchase And Sale,1545000.0
STYLAMIND.NS,cashflow,2024-03-31 00:00:00,Sale Of Investment Properties,1545000.0
STYLAMIND.NS,cashflow,2024-03-31 00:00:00,Net Business Purchase And Sale,0.0
STYLAMIND.NS,cashflow,2024-03-31 00:00:00,Purchase Of Business,0.0
STYLAMIND.NS,cashflow,2024-03-31 00:00:00,Net PPE Purchase And Sale,-143204000.0
STYLAMIND.NS,cashflow,2024-03-31 00:00:00,Sale Of PPE,51264000.0
STYLAMIND.NS,cashflow,2024-03-31 00:00:00,Purchase Of PPE,-194468000.0
STYLAMIND.NS,cashflow,2024-03-31 00:00:00,Operating Cash Flow,1091851000.0
STYLAMIND.NS,cashflow,2024-03-31 00:00:00,Taxes Refund Paid,-433852000.0
STYLAMIND.NS,cashflow,2024-03-31 00:00:00,Dividend Paid Cfo,-42370000.0
STYLAMIND.NS,cashflow,2024-03-31 00:00:00,Change In Working Capital,-561286000.0
STYLAMIND.NS,cashflow,2024-03-31 00:00:00,Change In Other Current Liabilities,-130523000.0
STYLAMIND.NS,cashflow,2024-03-31 00:00:00,Change In Other Current Assets,-79245000.0
STYLAMIND.NS,cashflow,2024-03-31 00:00:00,Change In Payable,-40343000.0
STYLAMIND.NS,cashflow,2024-03-31 00:00:00,Change In Inventory,147043000.0
STYLAMIND.NS,cashflow,2024-03-31 00:00:00,Change In Receivables,-392080000.0
STYLAMIND.NS,cashflow,2024-03-31 00:00:00,Other Non Cash Items,-12357000.0
STYLAMIND.NS,cashflow,2024-03-31 00:00:00,Depreciation And Amortization,222647000.0
STYLAMIND.NS,cashflow,2024-03-31 00:00:00,Amortization Cash Flow,0.0
STYLAMIND.NS,cashflow,2024-03-31 00:00:00,Depreciation,222647000.0
STYLAMIND.NS,cashflow,2024-03-31 00:00:00,Gain Loss On Investment Securities,11414000.0
STYLAMIND.NS,cashflow,2024-03-31 00:00:00,Net Foreign Currency Exchange Gain Loss,0.0
STYLAMIND.NS,cashflow,2024-03-31 00:00:00,Gain Loss On Sale Of PPE,-1545000.0
STYLAMIND.NS,cashflow,2024-03-31 00:00:00,Net Income From Continuing Operations,1642682000.0
STYLAMIND.NS,cashflow,2023-03-31 00:00:00,Free Cash Flow,401267000.0
STYLAMIND.NS,cashflow,2023-03-31 00:00:00,Repayment Of Debt,-127323000.0
STYLAMIND.NS,cashflow,2023-03-31 00:00:00,Issuance Of Debt,0.0
STYLAMIND.NS,cashflow,2023-03-31 00:00:00,Capital Expenditure,-260804000.0
STYLAMIND.NS,cashflow,2023-03-31 00:00:00,End Cash Position,267190000.0
STYLAMIND.NS,cashflow,2023-03-31 00:00:00,Other Cash Adjustment Outside Changein Cash,1000.0
STYLAMIND.NS,cashflow,2023-03-31 00:00:00,Beginning Cash Position,86554000.0
STYLAMIND.NS,cashflow,2023-03-31 00:00:00,Changes In Cash,180636000.0
STYLAMIND.NS,cashflow,2023-03-31 00:00:00,Financing Cash Flow,-358336000.0
STYLAMIND.NS,cashflow,2023-03-31 00:00:00,Net Other Financing Charges,1000.0
STYLAMIND.NS,cashflow,2023-03-31 00:00:00,Interest Paid Cff,-33115000.0
STYLAMIND.NS,cashflow,2023-03-31 00:00:00,Net Issuance Payments Of Debt,-325221000.0
STYLAMIND.NS,cashflow,2023-03-31 00:00:00,Net Short Term Debt Issuance,-197898000.0
STYLAMIND.NS,cashflow,2023-03-31 00:00:00,Net Long Term Debt Issuance,-127323000.0
STYLAMIND.NS,cashflow,2023-03-31 00:00:00,Long Term Debt Payments,-127323000.0
STYLAMIND.NS,cashflow,2023-03-31 00:00:00,Long Term Debt Issuance,0.0
STYLAMIND.NS,cashflow,2023-03-31 00:00:00,Investing Cash Flow,-123099000.0
STYLAMIND.NS,cashflow,2023-03-31 00:00:00,Net Other Investing Changes,131911000.0
STYLAMIND.NS,cashflow,2023-03-31 00:00:00,Interest Received Cfi,3619000.0
STYLAMIND.NS,cashflow,2023-03-31 00:00:00,Dividends Received Cfi,
STYLAMIND.NS,cashflow,2023-03-31 00:00:00,Net Investment Purchase And Sale,0.0
STYLAMIND.NS,cashflow,2023-03-31 00:00:00,Sale Of Investment,0.0
STYLAMIND.NS,cashflow,2023-03-31 00:00:00,Purchase Of Investment,
STYLAMIND.NS,cashflow,2023-03-31 00:00:00,Net Investment Properties Purchase And Sale,0.0
STYLAMIND.NS,cashflow,2023-03-31 00:00:00,Sale Of Investment Properties,0.0
STYLAMIND.NS,cashflow,2023-03-31 00:00:00,Net Business Purchase And Sale,0.0
STYLAMIND.NS,cashflow,2023-03-31 00:00:00,Purchase Of Business,0.0
STYLAMIND.NS,cashflow,2023-03-31 00:00:00,Net PPE Purchase And Sale,-258629000.0
STYLAMIND.NS,cashflow,2023-03-31 00:00:00,Sale Of PPE,2175000.0
STYLAMIND.NS,cashflow,2023-03-31 00:00:00,Purchase Of PPE,-260804000.0
STYLAMIND.NS,cashflow,2023-03-31 00:00:00,Operating Cash Flow,662071000.0
STYLAMIND.NS,cashflow,2023-03-31 00:00:00,Taxes Refund Paid,-256913000.0
STYLAMIND.NS,cashflow,2023-03-31 00:00:00,Dividend Paid Cfo,0.0
STYLAMIND.NS,cashflow,2023-03-31 00:00:00,Change In Working Capital,-590820000.0
STYLAMIND.NS,cashflow,2023-03-31 00:00:00,Change In Other Current Liabilities,
STYLAMIND.NS,cashflow,2023-03-31 00:00:00,Change In Other Current Assets,-250782000.0
STYLAMIND.NS,cashflow,2023-03-31 00:00:00,Change In Payable,-250782000.0
STYLAMIND.NS,cashflow,2023-03-31 00:00:00,Change In Inventory,-269229000.0
STYLAMIND.NS,cashflow,2023-03-31 00:00:00,Change In Receivables,-70809000.0
STYLAMIND.NS,cashflow,2023-03-31 00:00:00,Other Non Cash Items,29496000.0
STYLAMIND.NS,cashflow,2023-03-31 00:00:00,Depreciation And Amortization,199940000.0
STYLAMIND.NS,cashflow,2023-03-31 00:00:00,Amortization Cash Flow,0.0
STYLAMIND.NS,cashflow,2023-03-31 00:00:00,Depreciation,199940000.0
STYLAMIND.NS,cashflow,2023-03-31 00:00:00,Gain Loss On Investment Securities,
STYLAMIND.NS,cashflow,2023-03-31 00:00:00,Net Foreign Currency Exchange Gain Loss,0.0
STYLAMIND.NS,cashflow,2023-03-31 00:00:00,Gain Loss On Sale Of PPE,-343000.0
STYLAMIND.NS,cashflow,2023-03-31 00:00:00,Net Income From Continuing Operations,1280711000.0
STYLAMIND.NS,cashflow,2022-03-31 00:00:00,Free Cash Flow,-84542000.0
STYLAMIND.NS,cashflow,2022-03-31 00:00:00,Repayment Of Debt,-145719000.0
STYLAMIND.NS,cashflow,2022-03-31 00:00:00,Issuance Of Debt,0.0
STYLAMIND.NS,cashflow,2022-03-31 00:00:00,Capital Expenditure,-143849000.0
STYLAMIND.NS,cashflow,2022-03-31 00:00:00,End Cash Position,86554000.0
STYLAMIND.NS,cashflow,2022-03-31 00:00:00,Other Cash Adjustment Outside Changein Cash,1000.0
STYLAMIND.NS,cashflow,2022-03-31 00:00:00,Beginning Cash Position,151374000.0
STYLAMIND.NS,cashflow,2022-03-31 00:00:00,Changes In Cash,-64820000.0
STYLAMIND.NS,cashflow,2022-03-31 00:00:00,Financing Cash Flow,171431000.0
STYLAMIND.NS,cashflow,2022-03-31 00:00:00,Net Other Financing Charges,-1000.0
STYLAMIND.NS,cashflow,2022-03-31 00:00:00,Interest Paid Cff,-31170000.0
STYLAMIND.NS,cashflow,2022-03-31 00:00:00,Net Issuance Payments Of Debt,202601000.0
STYLAMIND.NS,cashflow,2022-03-31 00:00:00,Net Short Term Debt Issuance,348320000.0
STYLAMIND.NS,cashflow,2022-03-31 00:00:00,Net Long Term Debt Issuance,-145719000.0
STYLAMIND.NS,cashflow,2022-03-31 00:00:00,Long Term Debt Payments,-145719000.0
STYLAMIND.NS,cashflow,2022-03-31 00:00:00,Long Term Debt Issuance,0.0
STYLAMIND.NS,cashflow,2022-03-31 00:00:00,Investing Cash Flow,-295558000.0
STYLAMIND.NS,cashflow,2022-03-31 00:00:00,Net Other Investing Changes,-163090000.0
STYLAMIND.NS,cashflow,2022-03-31 00:00:00,Interest Received Cfi,4131000.0
STYLAMIND.NS,cashflow,2022-03-31 00:00:00,Dividends Received Cfi,
STYLAMIND.NS,cashflow,2022-03-31 00:00:00,Net Investment Purchase And Sale,0.0
STYLAMIND.NS,cashflow,2022-03-31 00:00:00,Sale Of Investment,0.0
STYLAMIND.NS,cashflow,2022-03-31 00:00:00,Purchase Of Investment,
STYLAMIND.NS,cashflow,2022-03-31 00:00:00,Net Investment Properties Purchase And Sale,0.0
STYLAMIND.NS,cashflow,2022-03-31 00:00:00,Sale Of Investment Properties,0.0
STYLAMIND.NS,cashflow,2022-03-31 00:00:00,Net Business Purchase And Sale,0.0
STYLAMIND.NS,cashflow,2022-03-31 00:00:00,Purchase Of Business,0.0
STYLAMIND.NS,cashflow,2022-03-31 00:00:00,Net PPE Purchase And Sale,-136599000.0
STYLAMIND.NS,cashflow,2022-03-31 00:00:00,Sale Of PPE,7250000.0
STYLAMIND.NS,cashflow,2022-03-31 00:00:00,Purchase Of PPE,-143849000.0
STYLAMIND.NS,cashflow,2022-03-31 00:00:00,Operating Cash Flow,59307000.0
STYLAMIND.NS,cashflow,2022-03-31 00:00:00,Taxes Refund Paid,-191414000.0
STYLAMIND.NS,cashflow,2022-03-31 00:00:00,Dividend Paid Cfo,-42370000.0
STYLAMIND.NS,cashflow,2022-03-31 00:00:00,Change In Working Capital,-708237000.0
STYLAMIND.NS,cashflow,2022-03-31 00:00:00,Change In Other Current Liabilities,
STYLAMIND.NS,cashflow,2022-03-31 00:00:00,Change In Other Current Assets,103540000.0
STYLAMIND.NS,cashflow,2022-03-31 00:00:00,Change In Payable,103540000.0
STYLAMIND.NS,cashflow,2022-03-31 00:00:00,Change In Inventory,-610530000.0
STYLAMIND.NS,cashflow,2022-03-31 00:00:00,Change In Receivables,-201247000.0
STYLAMIND.NS,cashflow,2022-03-31 00:00:00,Other Non Cash Items,-37424000.0
STYLAMIND.NS,cashflow,2022-03-31 00:00:00,Depreciation And Amortization,232555000.0
STYLAMIND.NS,cashflow,2022-03-31 00:00:00,Amortization Cash Flow,0.0
STYLAMIND.NS,cashflow,2022-03-31 00:00:00,Depreciation,232555000.0
STYLAMIND.NS,cashflow,2022-03-31 00:00:00,Gain Loss On Investment Securities,
STYLAMIND.NS,cashflow,2022-03-31 00:00:00,Net Foreign Currency Exchange Gain Loss,0.0
STYLAMIND.NS,cashflow,2022-03-31 00:00:00,Gain Loss On Sale Of PPE,481000.0
STYLAMIND.NS,cashflow,2022-03-31 00:00:00,Net Income From Continuing Operations,805716000.0
STYLAMIND.NS,cashflow,2021-03-31 00:00:00,Free Cash Flow,
STYLAMIND.NS,cashflow,2021-03-31 00:00:00,Repayment Of Debt,
STYLAMIND.NS,cashflow,2021-03-31 00:00:00,Issuance Of Debt,0.0
STYLAMIND.NS,cashflow,2021-03-31 00:00:00,Capital Expenditure,
STYLAMIND.NS,cashflow,2021-03-31 00:00:00,End Cash Position,
STYLAMIND.NS,cashflow,2021-03-31 00:00:00,Other Cash Adjustment Outside Changein Cash,
STYLAMIND.NS,cashflow,2021-03-31 00:00:00,Beginning Cash Position,
STYLAMIND.NS,cashflow,2021-03-31 00:00:00,Changes In Cash,
STYLAMIND.NS,cashflow,2021-03-31 00:00:00,Financing Cash Flow,
STYLAMIND.NS,cashflow,2021-03-31 00:00:00,Net Other Financing Charges,
STYLAMIND.NS,cashflow,2021-03-31 00:00:00,Interest Paid Cff,
STYLAMIND.NS,cashflow,2021-03-31 00:00:00,Net Issuance Payments Of Debt,
STYLAMIND.NS,cashflow,2021-03-31 00:00:00,Net Short Term Debt Issuance,-374250000.0
STYLAMIND.NS,cashflow,2021-03-31 00:00:00,Net Long Term Debt Issuance,
STYLAMIND.NS,cashflow,2021-03-31 00:00:00,Long Term Debt Payments,
STYLAMIND.NS,cashflow,2021-03-31 00:00:00,Long Term Debt Issuance,0.0
STYLAMIND.NS,cashflow,2021-03-31 00:00:00,Investing Cash Flow,
STYLAMIND.NS,cashflow,2021-03-31 00:00:00,Net Other Investing Changes,
STYLAMIND.NS,cashflow,2021-03-31 00:00:00,Interest Received Cfi,
STYLAMIND.NS,cashflow,2021-03-31 00:00:00,Dividends Received Cfi,
STYLAMIND.NS,cashflow,2021-03-31 00:00:00,Net Investment Purchase And Sale,
STYLAMIND.NS,cashflow,2021-03-31 00:00:00,Sale Of Investment,
STYLAMIND.NS,cashflow,2021-03-31 00:00:00,Purchase Of Investment,
STYLAMIND.NS,cashflow,2021-03-31 00:00:00,Net Investment Properties Purchase And Sale,
STYLAMIND.NS,cashflow,2021-03-31 00:00:00,Sale Of Investment Properties,
STYLAMIND.NS,cashflow,2021-03-31 00:00:00,Net Business Purchase And Sale,-3663000.0
STYLAMIND.NS,cashflow,2021-03-31 00:00:00,Purchase Of Business,-3663000.0
STYLAMIND.NS,cashflow,2021-03-31 00:00:00,Net PPE Purchase And Sale,
STYLAMIND.NS,cashflow,2021-03-31 00:00:00,Sale Of PPE,
STYLAMIND.NS,cashflow,2021-03-31 00:00:00,Purchase Of PPE,
STYLAMIND.NS,cashflow,2021-03-31 00:00:00,Operating Cash Flow,
STYLAMIND.NS,cashflow,2021-03-31 00:00:00,Taxes Refund Paid,
STYLAMIND.NS,cashflow,2021-03-31 00:00:00,Dividend Paid Cfo,0.0
STYLAMIND.NS,cashflow,2021-03-31 00:00:00,Change In Working Capital,
STYLAMIND.NS,cashflow,2021-03-31 00:00:00,Change In Other Current Liabilities,
STYLAMIND.NS,cashflow,2021-03-31 00:00:00,Change In Other Current Assets,
STYLAMIND.NS,cashflow,2021-03-31 00:00:00,Change In Payable,
STYLAMIND.NS,cashflow,2021-03-31 00:00:00,Change In Inventory,
STYLAMIND.NS,cashflow,2021-03-31 00:00:00,Change In Receivables,
STYLAMIND.NS,cashflow,2021-03-31 00:00:00,Other Non Cash Items,
STYLAMIND.NS,cashflow,2021-03-31 00:00:00,Depreciation And Amortization,
STYLAMIND.NS,cashflow,2021-03-31 00:00:00,Amortization Cash Flow,0.0
STYLAMIND.NS,cashflow,2021-03-31 00:00:00,Depreciation,
STYLAMIND.NS,cashflow,2021-03-31 00:00:00,Gain Loss On Investment Securities,
STYLAMIND.NS,cashflow,2021-03-31 00:00:00,Net Foreign Currency Exchange Gain Loss,
STYLAMIND.NS,cashflow,2021-03-31 00:00:00,Gain Loss On Sale Of PPE,
STYLAMIND.NS,cashflow,2021-03-31 00:00:00,Net Income From Continuing Operations,
